  2.000000000000000E-003  2.000000000000000E-003  -1.28850876165695     
  2.000000000000000E-003  0.302332916666667       -1.32858592132310     
  2.000000000000000E-003  0.602665833333333       -1.29705548937853     
  2.000000000000000E-003  0.902998750000000       -1.21992628352049     
  2.000000000000000E-003   1.20333166666667       -1.15503833105744     
  2.000000000000000E-003   1.50366458333333       -1.10806077780286     
  2.000000000000000E-003   1.80399750000000       -1.07589821412982     
  2.000000000000000E-003   2.10433041666667       -1.05880903957831     
  2.000000000000000E-003   2.40466333333333       -1.06150729779884     
  2.000000000000000E-003   2.70499625000000       -1.08514288875656     
  2.000000000000000E-003   3.00532916666667       -1.11861373651879     
  2.000000000000000E-003   3.30566208333333       -1.14115679307935     
  2.000000000000000E-003   3.60599500000000       -1.14497181815742     
  2.000000000000000E-003   3.90632791666667       -1.07316868337259     
  2.000000000000000E-003   4.20666083333333      -0.985632340898318     
  2.000000000000000E-003   4.50699375000000      -0.889017625083475     
  2.000000000000000E-003   4.80732666666667      -0.807383477773215     
  2.000000000000000E-003   5.10765958333333      -0.749598449455229     
  2.000000000000000E-003   5.40799250000000      -0.713588507025690     
  2.000000000000000E-003   5.70832541666667      -0.694500903190426     
  2.000000000000000E-003   6.00865833333333      -0.690206697311096     
  2.000000000000000E-003   6.30899125000000      -0.700015876282431     
  2.000000000000000E-003   6.60932416666667      -0.719273549830415     
  2.000000000000000E-003   6.90965708333333      -0.721308181307591     
  2.000000000000000E-003   7.20999000000000      -0.694828633108779     
  0.302332916666667       2.000000000000000E-003  -1.32858606828117     
  0.302332916666667       0.302332916666667       -1.26469678760711     
  0.302332916666667       0.602665833333333       -1.25661810498301     
  0.302332916666667       0.902998750000000       -1.23253829670448     
  0.302332916666667        1.20333166666667       -1.19297177590843     
  0.302332916666667        1.50366458333333       -1.15450043263569     
  0.302332916666667        1.80399750000000       -1.12336502693408     
  0.302332916666667        2.10433041666667       -1.10302949831259     
  0.302332916666667        2.40466333333333       -1.10058750771807     
  0.302332916666667        2.70499625000000       -1.11808692984878     
  0.302332916666667        3.00532916666667       -1.14225336852720     
  0.302332916666667        3.30566208333333       -1.15557560564187     
  0.302332916666667        3.60599500000000       -1.14090584838625     
  0.302332916666667        3.90632791666667       -1.08289851300853     
  0.302332916666667        4.20666083333333      -0.992927270763388     
  0.302332916666667        4.50699375000000      -0.896926574765495     
  0.302332916666667        4.80732666666667      -0.816540110192251     
  0.302332916666667        5.10765958333333      -0.759616808677739     
  0.302332916666667        5.40799250000000      -0.723208154325922     
  0.302332916666667        5.70832541666667      -0.702406820047029     
  0.302332916666667        6.00865833333333      -0.694300036388653     
  0.302332916666667        6.30899125000000      -0.695979135284440     
  0.302332916666667        6.60932416666667      -0.700489258530406     
  0.302332916666667        6.90965708333333      -0.699606448854860     
  0.302332916666667        7.20999000000000      -0.704549309745778     
  0.602665833333333       2.000000000000000E-003  -1.29705515541488     
  0.602665833333333       0.302332916666667       -1.25661807090371     
  0.602665833333333       0.602665833333333       -1.22821175660834     
  0.602665833333333       0.902998750000000       -1.22440430844588     
  0.602665833333333        1.20333166666667       -1.20875566750181     
  0.602665833333333        1.50366458333333       -1.18311562095247     
  0.602665833333333        1.80399750000000       -1.15531468656808     
  0.602665833333333        2.10433041666667       -1.13175075623556     
  0.602665833333333        2.40466333333333       -1.12027765579799     
  0.602665833333333        2.70499625000000       -1.12661894012168     
  0.602665833333333        3.00532916666667       -1.13590328715206     
  0.602665833333333        3.30566208333333       -1.13476294460302     
  0.602665833333333        3.60599500000000       -1.10798840482625     
  0.602665833333333        3.90632791666667       -1.04817992047695     
  0.602665833333333        4.20666083333333      -0.964884305045562     
  0.602665833333333        4.50699375000000      -0.879797597387860     
  0.602665833333333        4.80732666666667      -0.808814077604640     
  0.602665833333333        5.10765958333333      -0.757817394034763     
  0.602665833333333        5.40799250000000      -0.723195966567095     
  0.602665833333333        5.70832541666667      -0.701107385555565     
  0.602665833333333        6.00865833333333      -0.688233296125572     
  0.602665833333333        6.30899125000000      -0.681184852031023     
  0.602665833333333        6.60932416666667      -0.677610575165293     
  0.602665833333333        6.90965708333333      -0.682498268832491     
  0.602665833333333        7.20999000000000      -0.683198648906743     
  0.902998750000000       2.000000000000000E-003  -1.21992404798475     
  0.902998750000000       0.302332916666667       -1.23253632870723     
  0.902998750000000       0.602665833333333       -1.22440305538988     
  0.902998750000000       0.902998750000000       -1.22278231329398     
  0.902998750000000        1.20333166666667       -1.21528129663077     
  0.902998750000000        1.50366458333333       -1.19696287130416     
  0.902998750000000        1.80399750000000       -1.17128201262227     
  0.902998750000000        2.10433041666667       -1.14375932488250     
  0.902998750000000        2.40466333333333       -1.12445425434128     
  0.902998750000000        2.70499625000000       -1.11424643308749     
  0.902998750000000        3.00532916666667       -1.10602548663658     
  0.902998750000000        3.30566208333333       -1.08710740162772     
  0.902998750000000        3.60599500000000       -1.04907668812642     
  0.902998750000000        3.90632791666667      -0.990213951519737     
  0.902998750000000        4.20666083333333      -0.918837844849441     
  0.902998750000000        4.50699375000000      -0.848730778710895     
  0.902998750000000        4.80732666666667      -0.790976307839016     
  0.902998750000000        5.10765958333333      -0.747424412187302     
  0.902998750000000        5.40799250000000      -0.715952710179284     
  0.902998750000000        5.70832541666667      -0.694003851871056     
  0.902998750000000        6.00865833333333      -0.678818305749109     
  0.902998750000000        6.30899125000000      -0.668178353175937     
  0.902998750000000        6.60932416666667      -0.661605344500772     
  0.902998750000000        6.90965708333333      -0.658613009982331     
  0.902998750000000        7.20999000000000      -0.646286992509270     
   1.20333166666667       2.000000000000000E-003  -1.15503382341011     
   1.20333166666667       0.302332916666667       -1.19296873271646     
   1.20333166666667       0.602665833333333       -1.20875451284298     
   1.20333166666667       0.902998750000000       -1.21528182336693     
   1.20333166666667        1.20333166666667       -1.21182655846954     
   1.20333166666667        1.50366458333333       -1.19643548454775     
   1.20333166666667        1.80399750000000       -1.17068368715599     
   1.20333166666667        2.10433041666667       -1.14189800453325     
   1.20333166666667        2.40466333333333       -1.11685441801289     
   1.20333166666667        2.70499625000000       -1.09210475393282     
   1.20333166666667        3.00532916666667       -1.06504502967972     
   1.20333166666667        3.30566208333333       -1.03174895296805     
   1.20333166666667        3.60599500000000      -0.986996355975869     
   1.20333166666667        3.90632791666667      -0.931398936905865     
   1.20333166666667        4.20666083333333      -0.871488829628698     
   1.20333166666667        4.50699375000000      -0.815925717767671     
   1.20333166666667        4.80732666666667      -0.769188221878395     
   1.20333166666667        5.10765958333333      -0.732195341064498     
   1.20333166666667        5.40799250000000      -0.704217033913508     
   1.20333166666667        5.70832541666667      -0.683586106081753     
   1.20333166666667        6.00865833333333      -0.668076026882895     
   1.20333166666667        6.30899125000000      -0.655902488014589     
   1.20333166666667        6.60932416666667      -0.645789941092228     
   1.20333166666667        6.90965708333333      -0.634983352210905     
   1.20333166666667        7.20999000000000      -0.616678152023634     
   1.50366458333333       2.000000000000000E-003  -1.10805445089078     
   1.50366458333333       0.302332916666667       -1.15449755219026     
   1.50366458333333       0.602665833333333       -1.18311648052833     
   1.50366458333333       0.902998750000000       -1.19696650399612     
   1.50366458333333        1.20333166666667       -1.19643909043502     
   1.50366458333333        1.50366458333333       -1.18142968321487     
   1.50366458333333        1.80399750000000       -1.15585479736604     
   1.50366458333333        2.10433041666667       -1.12868710707009     
   1.50366458333333        2.40466333333333       -1.09907982471711     
   1.50366458333333        2.70499625000000       -1.06532187116978     
   1.50366458333333        3.00532916666667       -1.02680071264679     
   1.50366458333333        3.30566208333333      -0.983291099685393     
   1.50366458333333        3.60599500000000      -0.934984455198484     
   1.50366458333333        3.90632791666667      -0.883640939562474     
   1.50366458333333        4.20666083333333      -0.832884897420939     
   1.50366458333333        4.50699375000000      -0.786567639487366     
   1.50366458333333        4.80732666666667      -0.747114309313170     
   1.50366458333333        5.10765958333333      -0.715231044154386     
   1.50366458333333        5.40799250000000      -0.690434712104958     
   1.50366458333333        5.70832541666667      -0.671560067641547     
   1.50366458333333        6.00865833333333      -0.656677505424762     
   1.50366458333333        6.30899125000000      -0.643868798276446     
   1.50366458333333        6.60932416666667      -0.631336366792449     
   1.50366458333333        6.90965708333333      -0.616600627345278     
   1.50366458333333        7.20999000000000      -0.596494384292561     
   1.80399750000000       2.000000000000000E-003  -1.07589072596185     
   1.80399750000000       0.302332916666667       -1.12336309181815     
   1.80399750000000       0.602665833333333       -1.15531873712507     
   1.80399750000000       0.902998750000000       -1.17129050595322     
   1.80399750000000        1.20333166666667       -1.17069317475958     
   1.80399750000000        1.50366458333333       -1.15586108474260     
   1.80399750000000        1.80399750000000       -1.13380189350600     
   1.80399750000000        2.10433041666667       -1.10583712616974     
   1.80399750000000        2.40466333333333       -1.07198478107740     
   1.80399750000000        2.70499625000000       -1.03272773383887     
   1.80399750000000        3.00532916666667      -0.989127378716740     
   1.80399750000000        3.30566208333333      -0.942512467010150     
   1.80399750000000        3.60599500000000      -0.894375546499101     
   1.80399750000000        3.90632791666667      -0.846580049215618     
   1.80399750000000        4.20666083333333      -0.801368303815217     
   1.80399750000000        4.50699375000000      -0.760865384998097     
   1.80399750000000        4.80732666666667      -0.726465635936468     
   1.80399750000000        5.10765958333333      -0.698561360051931     
   1.80399750000000        5.40799250000000      -0.676647339032704     
   1.80399750000000        5.70832541666667      -0.659590259563357     
   1.80399750000000        6.00865833333333      -0.645848589974044     
   1.80399750000000        6.30899125000000      -0.633430759230350     
   1.80399750000000        6.60932416666667      -0.620338678561708     
   1.80399750000000        6.90965708333333      -0.604594799654250     
   1.80399750000000        7.20999000000000      -0.584455513561308     
   2.10433041666667       2.000000000000000E-003  -1.05880068920498     
   2.10433041666667       0.302332916666667       -1.10302879084343     
   2.10433041666667       0.602665833333333       -1.13175840349395     
   2.10433041666667       0.902998750000000       -1.14377327119913     
   2.10433041666667        1.20333166666667       -1.14191381933218     
   2.10433041666667        1.50366458333333       -1.12869981928569     
   2.10433041666667        1.80399750000000       -1.10584352902965     
   2.10433041666667        2.10433041666667       -1.07474202495521     
   2.10433041666667        2.40466333333333       -1.03704513284333     
   2.10433041666667        2.70499625000000      -0.994738936779100     
   2.10433041666667        3.00532916666667      -0.949816357522835     
   2.10433041666667        3.30566208333333      -0.903957335383599     
   2.10433041666667        3.60599500000000      -0.858527717243527     
   2.10433041666667        3.90632791666667      -0.814833071864200     
   2.10433041666667        4.20666083333333      -0.774292308894141     
   2.10433041666667        4.50699375000000      -0.738297317868322     
   2.10433041666667        4.80732666666667      -0.707852813108274     
   2.10433041666667        5.10765958333333      -0.683268556467340     
   2.10433041666667        5.40799250000000      -0.664087964936935     
   2.10433041666667        5.70832541666667      -0.649240101799700     
   2.10433041666667        6.00865833333333      -0.637257239713167     
   2.10433041666667        6.30899125000000      -0.626392047841963     
   2.10433041666667        6.60932416666667      -0.614626653781191     
   2.10433041666667        6.90965708333333      -0.599856172379085     
   2.10433041666667        7.20999000000000      -0.580564667742421     
   2.40466333333333       2.000000000000000E-003  -1.06149723901334     
   2.40466333333333       0.302332916666667       -1.10058787761623     
   2.40466333333333       0.602665833333333       -1.12028879889852     
   2.40466333333333       0.902998750000000       -1.12447254090770     
   2.40466333333333        1.20333166666667       -1.11687453520128     
   2.40466333333333        1.50366458333333       -1.09909661804130     
   2.40466333333333        1.80399750000000       -1.07199507079856     
   2.40466333333333        2.10433041666667       -1.03704890345873     
   2.40466333333333        2.40466333333333      -0.996628838354013     
   2.40466333333333        2.70499625000000      -0.953423823457846     
   2.40466333333333        3.00532916666667      -0.909674411388807     
   2.40466333333333        3.30566208333333      -0.866782764299196     
   2.40466333333333        3.60599500000000      -0.825491072280875     
   2.40466333333333        3.90632791666667      -0.786387271656939     
   2.40466333333333        4.20666083333333      -0.750297874329858     
   2.40466333333333        4.50699375000000      -0.718280098314657     
   2.40466333333333        4.80732666666667      -0.691269013490367     
   2.40466333333333        5.10765958333333      -0.669678966116935     
   2.40466333333333        5.40799250000000      -0.653237479799488     
   2.40466333333333        5.70832541666667      -0.641103123258409     
   2.40466333333333        6.00865833333333      -0.632069360421067     
   2.40466333333333        6.30899125000000      -0.624558346185228     
   2.40466333333333        6.60932416666667      -0.616319960829939     
   2.40466333333333        6.90965708333333      -0.604430473459060     
   2.40466333333333        7.20999000000000      -0.586520609570630     
   2.70499625000000       2.000000000000000E-003  -1.08512922222928     
   2.70499625000000       0.302332916666667       -1.11808754525355     
   2.70499625000000       0.602665833333333       -1.12663348187095     
   2.70499625000000       0.902998750000000       -1.11426805913701     
   2.70499625000000        1.20333166666667       -1.09212660424579     
   2.70499625000000        1.50366458333333       -1.06533952449468     
   2.70499625000000        1.80399750000000       -1.03273849745616     
   2.70499625000000        2.10433041666667      -0.994742987850816     
   2.70499625000000        2.40466333333333      -0.953423996707590     
   2.70499625000000        2.70499625000000      -0.911361739256540     
   2.70499625000000        3.00532916666667      -0.870505157410129     
   2.70499625000000        3.30566208333333      -0.831708655520946     
   2.70499625000000        3.60599500000000      -0.795048583400646     
   2.70499625000000        3.90632791666667      -0.760525582040182     
   2.70499625000000        4.20666083333333      -0.728593250959063     
   2.70499625000000        4.50699375000000      -0.700180350530641     
   2.70499625000000        4.80732666666667      -0.676285814275292     
   2.70499625000000        5.10765958333333      -0.657511484288102     
   2.70499625000000        5.40799250000000      -0.643876394024164     
   2.70499625000000        5.70832541666667      -0.634984260340646     
   2.70499625000000        6.00865833333333      -0.630283465539056     
   2.70499625000000        6.30899125000000      -0.628883598463007     
   2.70499625000000        6.60932416666667      -0.627346732400078     
   2.70499625000000        6.90965708333333      -0.619857927872650     
   2.70499625000000        7.20999000000000      -0.603358999398977     
   3.00532916666667       2.000000000000000E-003  -1.11859538153984     
   3.00532916666667       0.302332916666667       -1.14225348093173     
   3.00532916666667       0.602665833333333       -1.13591951616553     
   3.00532916666667       0.902998750000000       -1.10604915732578     
   3.00532916666667        1.20333166666667       -1.06506654046559     
   3.00532916666667        1.50366458333333       -1.02681668771683     
   3.00532916666667        1.80399750000000      -0.989136249286174     
   3.00532916666667        2.10433041666667      -0.949818498450013     
   3.00532916666667        2.40466333333333      -0.909672564922084     
   3.00532916666667        2.70499625000000      -0.870502981951329     
   3.00532916666667        3.00532916666667      -0.833615151273258     
   3.00532916666667        3.30566208333333      -0.799276466067080     
   3.00532916666667        3.60599500000000      -0.767079985794030     
   3.00532916666667        3.90632791666667      -0.736705273991003     
   3.00532916666667        4.20666083333333      -0.708458738048182     
   3.00532916666667        4.50699375000000      -0.683260868268221     
   3.00532916666667        4.80732666666667      -0.662198463158702     
   3.00532916666667        5.10765958333333      -0.646052684327227     
   3.00532916666667        5.40799250000000      -0.635178684611606     
   3.00532916666667        5.70832541666667      -0.629834216799228     
   3.00532916666667        6.00865833333333      -0.630746891144992     
   3.00532916666667        6.30899125000000      -0.638025612646202     
   3.00532916666667        6.60932416666667      -0.644958229617687     
   3.00532916666667        6.90965708333333      -0.642648108053731     
   3.00532916666667        7.20999000000000      -0.626919228743432     
   3.30566208333333       2.000000000000000E-003  -1.14113537171343     
   3.30566208333333       0.302332916666667       -1.15557300690004     
   3.30566208333333       0.602665833333333       -1.13477503632360     
   3.30566208333333       0.902998750000000       -1.08712734341188     
   3.30566208333333        1.20333166666667       -1.03176777627579     
   3.30566208333333        1.50366458333333      -0.983304170861549     
   3.30566208333333        1.80399750000000      -0.942519115986658     
   3.30566208333333        2.10433041666667      -0.903957774084356     
   3.30566208333333        2.40466333333333      -0.866779264341389     
   3.30566208333333        2.70499625000000      -0.831704505521943     
   3.30566208333333        3.00532916666667      -0.799274147317127     
   3.30566208333333        3.30566208333333      -0.769270462586160     
   3.30566208333333        3.60599500000000      -0.741051425778520     
   3.30566208333333        3.90632791666667      -0.714239844235048     
   3.30566208333333        4.20666083333333      -0.689169130859494     
   3.30566208333333        4.50699375000000      -0.666799820539068     
   3.30566208333333        4.80732666666667      -0.648261595683783     
   3.30566208333333        5.10765958333333      -0.634439213860241     
   3.30566208333333        5.40799250000000      -0.625971206642400     
   3.30566208333333        5.70832541666667      -0.623801707663754     
   3.30566208333333        6.00865833333333      -0.630331647052294     
   3.30566208333333        6.30899125000000      -0.645545419253172     
   3.30566208333333        6.60932416666667      -0.661189496230685     
   3.30566208333333        6.90965708333333      -0.663249212719947     
   3.30566208333333        7.20999000000000      -0.647124187592977     
   3.60599500000000       2.000000000000000E-003  -1.14495117170886     
   3.60599500000000       0.302332916666667       -1.14089058623060     
   3.60599500000000       0.602665833333333       -1.10798593908934     
   3.60599500000000       0.902998750000000       -1.04908571541773     
   3.60599500000000        1.20333166666667      -0.987009024726439     
   3.60599500000000        1.50366458333333      -0.934994567876087     
   3.60599500000000        1.80399750000000      -0.894381309221510     
   3.60599500000000        2.10433041666667      -0.858528493742851     
   3.60599500000000        2.40466333333333      -0.825488209029751     
   3.60599500000000        2.70499625000000      -0.795044619380708     
   3.60599500000000        3.00532916666667      -0.767077109094734     
   3.60599500000000        3.30566208333333      -0.741050343973034     
   3.60599500000000        3.60599500000000      -0.716292943772756     
   3.60599500000000        3.90632791666667      -0.692540562898164     
   3.60599500000000        4.20666083333333      -0.670232135377595     
   3.60599500000000        4.50699375000000      -0.650351179747269     
   3.60599500000000        4.80732666666667      -0.633991149174106     
   3.60599500000000        5.10765958333333      -0.622029967425360     
   3.60599500000000        5.40799250000000      -0.615229723743505     
   3.60599500000000        5.70832541666667      -0.614899403888675     
   3.60599500000000        6.00865833333333      -0.624248891106666     
   3.60599500000000        6.30899125000000      -0.643139005201946     
   3.60599500000000        6.60932416666667      -0.663077470122621     
   3.60599500000000        6.90965708333333      -0.668238694200397     
   3.60599500000000        7.20999000000000      -0.661769315822304     
   3.90632791666667       2.000000000000000E-003  -1.07314240561710     
   3.90632791666667       0.302332916666667       -1.08286809274027     
   3.90632791666667       0.602665833333333       -1.04816149392134     
   3.90632791666667       0.902998750000000      -0.990210733365039     
   3.90632791666667        1.20333166666667      -0.931404725033772     
   3.90632791666667        1.50366458333333      -0.883649007758060     
   3.90632791666667        1.80399750000000      -0.846586631583971     
   3.90632791666667        2.10433041666667      -0.814836324507887     
   3.90632791666667        2.40466333333333      -0.786387353038736     
   3.90632791666667        2.70499625000000      -0.760524028083784     
   3.90632791666667        3.00532916666667      -0.736703765197613     
   3.90632791666667        3.30566208333333      -0.714239170596293     
   3.90632791666667        3.60599500000000      -0.692540480347906     
   3.90632791666667        3.90632791666667      -0.671503587126888     
   3.90632791666667        4.20666083333333      -0.651658842716775     
   3.90632791666667        4.50699375000000      -0.633958380438276     
   3.90632791666667        4.80732666666667      -0.619387413117245     
   3.90632791666667        5.10765958333333      -0.608720918819657     
   3.90632791666667        5.40799250000000      -0.602650903028456     
   3.90632791666667        5.70832541666667      -0.602330549097667     
   3.90632791666667        6.00865833333333      -0.610381323471724     
   3.90632791666667        6.30899125000000      -0.626840033586899     
   3.90632791666667        6.60932416666667      -0.643558107236873     
   3.90632791666667        6.90965708333333      -0.646842518666788     
   3.90632791666667        7.20999000000000      -0.632189182836466     
   4.20666083333333       2.000000000000000E-003 -0.985606945879653     
   4.20666083333333       0.302332916666667      -0.992896791639485     
   4.20666083333333       0.602665833333333      -0.964861368693023     
   4.20666083333333       0.902998750000000      -0.918828574263897     
   4.20666083333333        1.20333166666667      -0.871490732520331     
   4.20666083333333        1.50366458333333      -0.832892084685030     
   4.20666083333333        1.80399750000000      -0.801376393870712     
   4.20666083333333        2.10433041666667      -0.774298586952981     
   4.20666083333333        2.40466333333333      -0.750301397267703     
   4.20666083333333        2.70499625000000      -0.728594547839664     
   4.20666083333333        3.00532916666667      -0.708458935384912     
   4.20666083333333        3.30566208333333      -0.689169045414429     
   4.20666083333333        3.60599500000000      -0.670231952003372     
   4.20666083333333        3.90632791666667      -0.651658527254156     
   4.20666083333333        4.20666083333333      -0.634007562568244     
   4.20666083333333        4.50699375000000      -0.618151874585237     
   4.20666083333333        4.80732666666667      -0.604941712606926     
   4.20666083333333        5.10765958333333      -0.595014058875162     
   4.20666083333333        5.40799250000000      -0.588879793745994     
   4.20666083333333        5.70832541666667      -0.587228833195576     
   4.20666083333333        6.00865833333333      -0.591256618357774     
   4.20666083333333        6.30899125000000      -0.601275141390543     
   4.20666083333333        6.60932416666667      -0.610679051451839     
   4.20666083333333        6.90965708333333      -0.610817230916636     
   4.20666083333333        7.20999000000000      -0.597675012546723     
   4.50699375000000       2.000000000000000E-003 -0.888996787430865     
   4.50699375000000       0.302332916666667      -0.896903046806678     
   4.50699375000000       0.602665833333333      -0.879778639751603     
   4.50699375000000       0.902998750000000      -0.848721984976079     
   4.50699375000000        1.20333166666667      -0.815926394822644     
   4.50699375000000        1.50366458333333      -0.786574148278468     
   4.50699375000000        1.80399750000000      -0.760874027101992     
   4.50699375000000        2.10433041666667      -0.738305063217349     
   4.50699375000000        2.40466333333333      -0.718285237490357     
   4.50699375000000        2.70499625000000      -0.700182635158736     
   4.50699375000000        3.00532916666667      -0.683261003902363     
   4.50699375000000        3.30566208333333      -0.666798699712113     
   4.50699375000000        3.60599500000000      -0.650349414951781     
   4.50699375000000        3.90632791666667      -0.633956397980495     
   4.50699375000000        4.20666083333333      -0.618150330642787     
   4.50699375000000        4.50699375000000      -0.603721439137721     
   4.50699375000000        4.80732666666667      -0.591421835383409     
   4.50699375000000        5.10765958333333      -0.581789117394396     
   4.50699375000000        5.40799250000000      -0.575164565196202     
   4.50699375000000        5.70832541666667      -0.571805030320751     
   4.50699375000000        6.00865833333333      -0.571857963056967     
   4.50699375000000        6.30899125000000      -0.574857295159803     
   4.50699375000000        6.60932416666667      -0.577462254582234     
   4.50699375000000        6.90965708333333      -0.573998937751528     
   4.50699375000000        7.20999000000000      -0.561527933733795     
   4.80732666666667       2.000000000000000E-003 -0.807367290127954     
   4.80732666666667       0.302332916666667      -0.816523314610283     
   4.80732666666667       0.602665833333333      -0.808800535470683     
   4.80732666666667       0.902998750000000      -0.790969171281296     
   4.80732666666667        1.20333166666667      -0.769187964227141     
   4.80732666666667        1.50366458333333      -0.747119230995359     
   4.80732666666667        1.80399750000000      -0.726472844433290     
   4.80732666666667        2.10433041666667      -0.707859316004763     
   4.80732666666667        2.40466333333333      -0.691272725365841     
   4.80732666666667        2.70499625000000      -0.676286051978165     
   4.80732666666667        3.00532916666667      -0.662195739415949     
   4.80732666666667        3.30566208333333      -0.648256975466198     
   4.80732666666667        3.60599500000000      -0.633985675686054     
   4.80732666666667        3.90632791666667      -0.619381944738860     
   4.80732666666667        4.20666083333333      -0.604937099813719     
   4.80732666666667        4.50699375000000      -0.591419066312545     
   4.80732666666667        4.80732666666667      -0.579577209768008     
   4.80732666666667        5.10765958333333      -0.569937175975189     
   4.80732666666667        5.40799250000000      -0.562748082243405     
   4.80732666666667        5.70832541666667      -0.557996955714287     
   4.80732666666667        6.00865833333333      -0.555329217606993     
   4.80732666666667        6.30899125000000      -0.553756648968911     
   4.80732666666667        6.60932416666667      -0.551259811097004     
   4.80732666666667        6.90965708333333      -0.544940572553380     
   4.80732666666667        7.20999000000000      -0.532463376218960     
   5.10765958333333       2.000000000000000E-003 -0.749586141683388     
   5.10765958333333       0.302332916666667      -0.759604324855911     
   5.10765958333333       0.602665833333333      -0.757806592611332     
   5.10765958333333       0.902998750000000      -0.747417619238764     
   5.10765958333333        1.20333166666667      -0.732193594053478     
   5.10765958333333        1.50366458333333      -0.715233443069928     
   5.10765958333333        1.80399750000000      -0.698565527727714     
   5.10765958333333        2.10433041666667      -0.683271680951568     
   5.10765958333333        2.40466333333333      -0.669678908876862     
   5.10765958333333        2.70499625000000      -0.657507451667813     
   5.10765958333333        3.00532916666667      -0.646045203289717     
   5.10765958333333        3.30566208333333      -0.634429574319908     
   5.10765958333333        3.60599500000000      -0.622019583306654     
   5.10765958333333        3.90632791666667      -0.608710992724110     
   5.10765958333333        4.20666083333333      -0.595005591170885     
   5.10765958333333        4.50699375000000      -0.581782994275565     
   5.10765958333333        4.80732666666667      -0.569934059731940     
   5.10765958333333        5.10765958333333      -0.560075531572729     
   5.10765958333333        5.40799250000000      -0.552437504097301     
   5.10765958333333        5.70832541666667      -0.546858670279970     
   5.10765958333333        6.00865833333333      -0.542768949128754     
   5.10765958333333        6.30899125000000      -0.539104358194379     
   5.10765958333333        6.60932416666667      -0.534249720613067     
   5.10765958333333        6.90965708333333      -0.526288479135216     
   5.10765958333333        7.20999000000000      -0.513736269001539     
   5.40799250000000       2.000000000000000E-003 -0.713579416080313     
   5.40799250000000       0.302332916666667      -0.723198644777741     
   5.40799250000000       0.602665833333333      -0.723186978123152     
   5.40799250000000       0.902998750000000      -0.715945950644682     
   5.40799250000000        1.20333166666667      -0.704213805387856     
   5.40799250000000        1.50366458333333      -0.690434707317207     
   5.40799250000000        1.80399750000000      -0.676648391909434     
   5.40799250000000        2.10433041666667      -0.664087465346969     
   5.40799250000000        2.40466333333333      -0.653233461982938     
   5.40799250000000        2.70499625000000      -0.643868189778546     
   5.40799250000000        3.00532916666667      -0.635166949980307     
   5.40799250000000        3.30566208333333      -0.625957403633147     
   5.40799250000000        3.60599500000000      -0.615215456607000     
   5.40799250000000        3.90632791666667      -0.602637517988936     
   5.40799250000000        4.20666083333333      -0.588868330493357     
   5.40799250000000        4.50699375000000      -0.575155822749809     
   5.40799250000000        4.80732666666667      -0.562742549023800     
   5.40799250000000        5.10765958333333      -0.552435130853363     
   5.40799250000000        5.40799250000000      -0.544476464992896     
   5.40799250000000        5.70832541666667      -0.538600330035151     
   5.40799250000000        6.00865833333333      -0.534109626487545     
   5.40799250000000        6.30899125000000      -0.529831135979520     
   5.40799250000000        6.60932416666667      -0.524371798702630     
   5.40799250000000        6.90965708333333      -0.516175449134563     
   5.40799250000000        7.20999000000000      -0.503858319584065     
   5.70832541666667       2.000000000000000E-003 -0.694494590091199     
   5.70832541666667       0.302332916666667      -0.702399967203425     
   5.70832541666667       0.602665833333333      -0.701100427698262     
   5.70832541666667       0.902998750000000      -0.693998218416282     
   5.70832541666667        1.20333166666667      -0.683582968863061     
   5.70832541666667        1.50366458333333      -0.671559213856563     
   5.70832541666667        1.80399750000000      -0.659589833578510     
   5.70832541666667        2.10433041666667      -0.649237730230409     
   5.70832541666667        2.40466333333333      -0.641097201456296     
   5.70832541666667        2.70499625000000      -0.634974415696055     
   5.70832541666667        3.00532916666667      -0.629821282953874     
   5.70832541666667        3.30566208333333      -0.623787186001060     
   5.70832541666667        3.60599500000000      -0.614884765666474     
   5.70832541666667        3.90632791666667      -0.602316902365625     
   5.70832541666667        4.20666083333333      -0.587217034993873     
   5.70832541666667        4.50699375000000      -0.571795803727729     
   5.70832541666667        4.80732666666667      -0.557990766469513     
   5.70832541666667        5.10765958333333      -0.546855485111551     
   5.70832541666667        5.40799250000000      -0.538599440353908     
   5.70832541666667        5.70832541666667      -0.532789549641581     
   5.70832541666667        6.00865833333333      -0.528392231421242     
   5.70832541666667        6.30899125000000      -0.524375461031409     
   5.70832541666667        6.60932416666667      -0.519581653973334     
   5.70832541666667        6.90965708333333      -0.512378189251607     
   5.70832541666667        7.20999000000000      -0.500792946828772     
   6.00865833333333       2.000000000000000E-003 -0.690202912347367     
   6.00865833333333       0.302332916666667      -0.694295767077291     
   6.00865833333333       0.602665833333333      -0.688228719910547     
   6.00865833333333       0.902998750000000      -0.678814842196853     
   6.00865833333333        1.20333166666667      -0.668074725820738     
   6.00865833333333        1.50366458333333      -0.656678048457906     
   6.00865833333333        1.80399750000000      -0.645849222751841     
   6.00865833333333        2.10433041666667      -0.637255693595890     
   6.00865833333333        2.40466333333333      -0.632064633567970     
   6.00865833333333        2.70499625000000      -0.630275669125193     
   6.00865833333333        3.00532916666667      -0.630737162992860     
   6.00865833333333        3.30566208333333      -0.630321518427261     
   6.00865833333333        3.60599500000000      -0.624239210026530     
   6.00865833333333        3.90632791666667      -0.610372162951216     
   6.00865833333333        4.20666083333333      -0.591248232776953     
   6.00865833333333        4.50699375000000      -0.571851113892300     
   6.00865833333333        4.80732666666667      -0.555324618830749     
   6.00865833333333        5.10765958333333      -0.542766849134608     
   6.00865833333333        5.40799250000000      -0.534109623217032     
   6.00865833333333        5.70832541666667      -0.528392939300584     
   6.00865833333333        6.00865833333333      -0.524467155366595     
   6.00865833333333        6.30899125000000      -0.521429020882878     
   6.00865833333333        6.60932416666667      -0.518469755280468     
   6.00865833333333        6.90965708333333      -0.513911037410835     
   6.00865833333333        7.20999000000000      -0.503990585058449     
   6.30899125000000       2.000000000000000E-003 -0.700014551697803     
   6.30899125000000       0.302332916666667      -0.695977279662347     
   6.30899125000000       0.602665833333333      -0.681182624897910     
   6.30899125000000       0.902998750000000      -0.668177471600976     
   6.30899125000000        1.20333166666667      -0.655903821679527     
   6.30899125000000        1.50366458333333      -0.643871877601296     
   6.30899125000000        1.80399750000000      -0.633434048520666     
   6.30899125000000        2.10433041666667      -0.626393455042999     
   6.30899125000000        2.40466333333333      -0.624557257347894     
   6.30899125000000        2.70499625000000      -0.628880819791189     
   6.30899125000000        3.00532916666667      -0.638022991167942     
   6.30899125000000        3.30566208333333      -0.645544872275618     
   6.30899125000000        3.60599500000000      -0.643140158130967     
   6.30899125000000        3.90632791666667      -0.626840454178892     
   6.30899125000000        4.20666083333333      -0.601273750993639     
   6.30899125000000        4.50699375000000      -0.574855244182306     
   6.30899125000000        4.80732666666667      -0.553755432837701     
   6.30899125000000        5.10765958333333      -0.539104808669437     
   6.30899125000000        5.40799250000000      -0.529833118390557     
   6.30899125000000        5.70832541666667      -0.524377744995419     
   6.30899125000000        6.00865833333333      -0.521430450628029     
   6.30899125000000        6.30899125000000      -0.520005926172543     
   6.30899125000000        6.60932416666667      -0.519779130479143     
   6.30899125000000        6.90965708333333      -0.520100365509641     
   6.30899125000000        7.20999000000000      -0.514009230169002     
   6.60932416666667       2.000000000000000E-003 -0.719274679396435     
   6.60932416666667       0.302332916666667      -0.700489126958351     
   6.60932416666667       0.602665833333333      -0.677609977013612     
   6.60932416666667       0.902998750000000      -0.661606542100052     
   6.60932416666667        1.20333166666667      -0.645793407010370     
   6.60932416666667        1.50366458333333      -0.631341515254049     
   6.60932416666667        1.80399750000000      -0.620344348483522     
   6.60932416666667        2.10433041666667      -0.614631399668330     
   6.60932416666667        2.40466333333333      -0.616323103124171     
   6.60932416666667        2.70499625000000      -0.627349662136542     
   6.60932416666667        3.00532916666667      -0.644963633312842     
   6.60932416666667        3.30566208333333      -0.661200216381209     
   6.60932416666667        3.60599500000000      -0.663091864068113     
   6.60932416666667        3.90632791666667      -0.643569807626286     
   6.60932416666667        4.20666083333333      -0.610685532925363     
   6.60932416666667        4.50699375000000      -0.577465628748876     
   6.60932416666667        4.80732666666667      -0.551262473160158     
   6.60932416666667        5.10765958333333      -0.534253068777540     
   6.60932416666667        5.40799250000000      -0.524375773613286     
   6.60932416666667        5.70832541666667      -0.519585408534984     
   6.60932416666667        6.00865833333333      -0.518472398987391     
   6.60932416666667        6.30899125000000      -0.519780181412569     
   6.60932416666667        6.60932416666667      -0.522545653299304     
   6.60932416666667        6.90965708333333      -0.528404182000173     
   6.60932416666667        7.20999000000000      -0.529731416124254     
   6.90965708333333       2.000000000000000E-003 -0.721310990094911     
   6.90965708333333       0.302332916666667      -0.699606522956392     
   6.90965708333333       0.602665833333333      -0.682498315401892     
   6.90965708333333       0.902998750000000      -0.658615110057320     
   6.90965708333333        1.20333166666667      -0.634987462437594     
   6.90965708333333        1.50366458333333      -0.616606263736207     
   6.90965708333333        1.80399750000000      -0.604601309879617     
   6.90965708333333        2.10433041666667      -0.599862724192859     
   6.90965708333333        2.40466333333333      -0.604436581199661     
   6.90965708333333        2.70499625000000      -0.619864765100489     
   6.90965708333333        3.00532916666667      -0.642658245286671     
   6.90965708333333        3.30566208333333      -0.663265845889950     
   6.90965708333333        3.60599500000000      -0.668260295029090     
   6.90965708333333        3.90632791666667      -0.646859952518353     
   6.90965708333333        4.20666083333333      -0.610828048380525     
   6.90965708333333        4.50699375000000      -0.574005864267493     
   6.90965708333333        4.80732666666667      -0.544946083535805     
   6.90965708333333        5.10765958333333      -0.526293807967125     
   6.90965708333333        5.40799250000000      -0.516180629050241     
   6.90965708333333        5.70832541666667      -0.512382641891515     
   6.90965708333333        6.00865833333333      -0.513914053055794     
   6.90965708333333        6.30899125000000      -0.520101359641980     
   6.90965708333333        6.60932416666667      -0.528403406134629     
   6.90965708333333        6.90965708333333      -0.533802970199668     
   6.90965708333333        7.20999000000000      -0.538011284787916     
   7.20999000000000       2.000000000000000E-003 -0.694831287958521     
   7.20999000000000       0.302332916666667      -0.704550396097059     
   7.20999000000000       0.602665833333333      -0.683199636054984     
   7.20999000000000       0.902998750000000      -0.646289126055629     
   7.20999000000000        1.20333166666667      -0.616681594031342     
   7.20999000000000        1.50366458333333      -0.596499041611020     
   7.20999000000000        1.80399750000000      -0.584461196749168     
   7.20999000000000        2.10433041666667      -0.580571114973492     
   7.20999000000000        2.40466333333333      -0.586527620092481     
   7.20999000000000        2.70499625000000      -0.603367342916600     
   7.20999000000000        3.00532916666667      -0.626930804437038     
   7.20999000000000        3.30566208333333      -0.647140614711729     
   7.20999000000000        3.60599500000000      -0.661786559518229     
   7.20999000000000        3.90632791666667      -0.632205598598270     
   7.20999000000000        4.20666083333333      -0.597686490752515     
   7.20999000000000        4.50699375000000      -0.561535942251659     
   7.20999000000000        4.80732666666667      -0.532469883750060     
   7.20999000000000        5.10765958333333      -0.513742190442357     
   7.20999000000000        5.40799250000000      -0.503863671375726     
   7.20999000000000        5.70832541666667      -0.500797345804708     
   7.20999000000000        6.00865833333333      -0.503993432691948     
   7.20999000000000        6.30899125000000      -0.514009868230148     
   7.20999000000000        6.60932416666667      -0.529729652363391     
   7.20999000000000        6.90965708333333      -0.538009344405855     
   7.20999000000000        7.20999000000000      -0.528449924394157     
