  2.000000000000000E-003  2.000000000000000E-003 -0.923015411693278     
  2.000000000000000E-003  0.302332916666667      -0.941185603322464     
  2.000000000000000E-003  0.602665833333333      -0.912293933344757     
  2.000000000000000E-003  0.902998750000000      -0.856981026547469     
  2.000000000000000E-003   1.20333166666667      -0.811370173207163     
  2.000000000000000E-003   1.50366458333333      -0.779429626571465     
  2.000000000000000E-003   1.80399750000000      -0.759500449703302     
  2.000000000000000E-003   2.10433041666667      -0.751642524795982     
  2.000000000000000E-003   2.40466333333333      -0.758326405320451     
  2.000000000000000E-003   2.70499625000000      -0.780582413339737     
  2.000000000000000E-003   3.00532916666667      -0.811292327381130     
  2.000000000000000E-003   3.30566208333333      -0.834347057205660     
  2.000000000000000E-003   3.60599500000000      -0.847211668052221     
  2.000000000000000E-003   3.90632791666667      -0.803314404117141     
  2.000000000000000E-003   4.20666083333333      -0.750820268053526     
  2.000000000000000E-003   4.50699375000000      -0.694163199822211     
  2.000000000000000E-003   4.80732666666667      -0.647202666212602     
  2.000000000000000E-003   5.10765958333333      -0.615342610715719     
  2.000000000000000E-003   5.40799250000000      -0.596862687820836     
  2.000000000000000E-003   5.70832541666667      -0.588698099279294     
  2.000000000000000E-003   6.00865833333333      -0.589805636791909     
  2.000000000000000E-003   6.30899125000000      -0.600495318524303     
  2.000000000000000E-003   6.60932416666667      -0.618507207196358     
  2.000000000000000E-003   6.90965708333333      -0.625060686554499     
  2.000000000000000E-003   7.20999000000000      -0.608714379550185     
  0.302332916666667       2.000000000000000E-003 -0.962694695333276     
  0.302332916666667       0.302332916666667      -0.923571155532899     
  0.302332916666667       0.602665833333333      -0.900796659933261     
  0.302332916666667       0.902998750000000      -0.870295230094746     
  0.302332916666667        1.20333166666667      -0.836517072128496     
  0.302332916666667        1.50366458333333      -0.808339477617394     
  0.302332916666667        1.80399750000000      -0.788647060449386     
  0.302332916666667        2.10433041666667      -0.779228074560823     
  0.302332916666667        2.40466333333333      -0.783271341991127     
  0.302332916666667        2.70499625000000      -0.802531430671100     
  0.302332916666667        3.00532916666667      -0.830473847662669     
  0.302332916666667        3.30566208333333      -0.852298270252733     
  0.302332916666667        3.60599500000000      -0.851552903704501     
  0.302332916666667        3.90632791666667      -0.818131591057314     
  0.302332916666667        4.20666083333333      -0.763886527453439     
  0.302332916666667        4.50699375000000      -0.706781772728112     
  0.302332916666667        4.80732666666667      -0.660101085031294     
  0.302332916666667        5.10765958333333      -0.628466037575597     
  0.302332916666667        5.40799250000000      -0.609576348832915     
  0.302332916666667        5.70832541666667      -0.600214894312155     
  0.302332916666667        6.00865833333333      -0.598713307429438     
  0.302332916666667        6.30899125000000      -0.603598363751111     
  0.302332916666667        6.60932416666667      -0.610600411396821     
  0.302332916666667        6.90965708333333      -0.613572593749487     
  0.302332916666667        7.20999000000000      -0.619150792907762     
  0.602665833333333       2.000000000000000E-003 -0.956985927175282     
  0.602665833333333       0.302332916666667      -0.928077481526596     
  0.602665833333333       0.602665833333333      -0.893274281380916     
  0.602665833333333       0.902998750000000      -0.872707621076302     
  0.602665833333333        1.20333166666667      -0.851130890404318     
  0.602665833333333        1.50366458333333      -0.829412799199839     
  0.602665833333333        1.80399750000000      -0.811296415785151     
  0.602665833333333        2.10433041666667      -0.800024101654869     
  0.602665833333333        2.40466333333333      -0.798986168224880     
  0.602665833333333        2.70499625000000      -0.810808591088928     
  0.602665833333333        3.00532916666667      -0.829936123924961     
  0.602665833333333        3.30566208333333      -0.844752645305076     
  0.602665833333333        3.60599500000000      -0.839447246347025     
  0.602665833333333        3.90632791666667      -0.806916292684003     
  0.602665833333333        4.20666083333333      -0.756657526123299     
  0.602665833333333        4.50699375000000      -0.705247480140292     
  0.602665833333333        4.80732666666667      -0.663311955249751     
  0.602665833333333        5.10765958333333      -0.634487494181612     
  0.602665833333333        5.40799250000000      -0.616112643540161     
  0.602665833333333        5.70832541666667      -0.605363569910494     
  0.602665833333333        6.00865833333333      -0.600048135031620     
  0.602665833333333        6.30899125000000      -0.598084328822795     
  0.602665833333333        6.60932416666667      -0.598084513685438     
  0.602665833333333        6.90965708333333      -0.603730585380882     
  0.602665833333333        7.20999000000000      -0.605690755098523     
  0.902998750000000       2.000000000000000E-003 -0.921608805940699     
  0.902998750000000       0.302332916666667      -0.919619550702918     
  0.902998750000000       0.602665833333333      -0.899072096648751     
  0.902998750000000       0.902998750000000      -0.881821280033814     
  0.902998750000000        1.20333166666667      -0.865170993821919     
  0.902998750000000        1.50366458333333      -0.847228275062434     
  0.902998750000000        1.80399750000000      -0.829889428206367     
  0.902998750000000        2.10433041666667      -0.816180804779505     
  0.902998750000000        2.40466333333333      -0.809399464191619     
  0.902998750000000        2.70499625000000      -0.810608732989337     
  0.902998750000000        3.00532916666667      -0.817124381518094     
  0.902998750000000        3.30566208333333      -0.819700030189178     
  0.902998750000000        3.60599500000000      -0.808153577107995     
  0.902998750000000        3.90632791666667      -0.778483200729104     
  0.902998750000000        4.20666083333333      -0.737027976537084     
  0.902998750000000        4.50699375000000      -0.694855271017674     
  0.902998750000000        4.80732666666667      -0.660448543727373     
  0.902998750000000        5.10765958333333      -0.635368535842599     
  0.902998750000000        5.40799250000000      -0.618146534969855     
  0.902998750000000        5.70832541666667      -0.606646278402019     
  0.902998750000000        6.00865833333333      -0.598904746499733     
  0.902998750000000        6.30899125000000      -0.593511629403135     
  0.902998750000000        6.60932416666667      -0.590330377133292     
  0.902998750000000        6.90965708333333      -0.589195586275643     
  0.902998750000000        7.20999000000000      -0.580573856247345     
   1.20333166666667       2.000000000000000E-003 -0.898490247117598     
   1.20333166666667       0.302332916666667      -0.910321535206816     
   1.20333166666667       0.602665833333333      -0.905525236834241     
   1.20333166666667       0.902998750000000      -0.895106954198968     
   1.20333166666667        1.20333166666667      -0.881654109303412     
   1.20333166666667        1.50366458333333      -0.865262712315814     
   1.20333166666667        1.80399750000000      -0.847403991783206     
   1.20333166666667        2.10433041666667      -0.831173511164784     
   1.20333166666667        2.40466333333333      -0.818915306804841     
   1.20333166666667        2.70499625000000      -0.810355147285426     
   1.20333166666667        3.00532916666667      -0.803751881843124     
   1.20333166666667        3.30566208333333      -0.794883386732955     
   1.20333166666667        3.60599500000000      -0.777701209845758     
   1.20333166666667        3.90632791666667      -0.750191390318269     
   1.20333166666667        4.20666083333333      -0.716418961367390     
   1.20333166666667        4.50699375000000      -0.683433701355815     
   1.20333166666667        4.80732666666667      -0.655427559605753     
   1.20333166666667        5.10765958333333      -0.633594811235268     
   1.20333166666667        5.40799250000000      -0.617577418648025     
   1.20333166666667        5.70832541666667      -0.605985543367908     
   1.20333166666667        6.00865833333333      -0.597118045646316     
   1.20333166666667        6.30899125000000      -0.589820213303022     
   1.20333166666667        6.60932416666667      -0.583337736528916     
   1.20333166666667        6.90965708333333      -0.575758108487403     
   1.20333166666667        7.20999000000000      -0.561942956725291     
   1.50366458333333       2.000000000000000E-003 -0.894891640826783     
   1.50366458333333       0.302332916666667      -0.913125714948860     
   1.50366458333333       0.602665833333333      -0.917805531532442     
   1.50366458333333       0.902998750000000      -0.913481775312716     
   1.50366458333333        1.20333166666667      -0.902679737137520     
   1.50366458333333        1.50366458333333      -0.886648537788055     
   1.50366458333333        1.80399750000000      -0.867547065416009     
   1.50366458333333        2.10433041666667      -0.848522376484009     
   1.50366458333333        2.40466333333333      -0.830815784169966     
   1.50366458333333        2.70499625000000      -0.814576297883181     
   1.50366458333333        3.00532916666667      -0.798716326548091     
   1.50366458333333        3.30566208333333      -0.780976036092085     
   1.50366458333333        3.60599500000000      -0.759027130116032     
   1.50366458333333        3.90632791666667      -0.732392331905468     
   1.50366458333333        4.20666083333333      -0.703300175962817     
   1.50366458333333        4.50699375000000      -0.675229296157956     
   1.50366458333333        4.80732666666667      -0.650856944034826     
   1.50366458333333        5.10765958333333      -0.631246104960310     
   1.50366458333333        5.40799250000000      -0.616171382613841     
   1.50366458333333        5.70832541666667      -0.604730732602387     
   1.50366458333333        6.00865833333333      -0.595436449515096     
   1.50366458333333        6.30899125000000      -0.586989805775032     
   1.50366458333333        6.60932416666667      -0.578199065466223     
   1.50366458333333        6.90965708333333      -0.567214223534940     
   1.50366458333333        7.20999000000000      -0.551467330356587     
   1.80399750000000       2.000000000000000E-003 -0.911474191215284     
   1.80399750000000       0.302332916666667      -0.933382787306611     
   1.80399750000000       0.602665833333333      -0.942693396067350     
   1.80399750000000       0.902998750000000      -0.941606726770233     
   1.80399750000000        1.20333166666667      -0.931912335834766     
   1.80399750000000        1.50366458333333      -0.915342183392948     
   1.80399750000000        1.80399750000000      -0.894381309221505     
   1.80399750000000        2.10433041666667      -0.871062309577604     
   1.80399750000000        2.40466333333333      -0.847188800459928     
   1.80399750000000        2.70499625000000      -0.823871254156458     
   1.80399750000000        3.00532916666667      -0.801024365316148     
   1.80399750000000        3.30566208333333      -0.777522098001562     
   1.80399750000000        3.60599500000000      -0.752151014006494     
   1.80399750000000        3.90632791666667      -0.724792225757798     
   1.80399750000000        4.20666083333333      -0.696866987356770     
   1.80399750000000        4.50699375000000      -0.670633546551712     
   1.80399750000000        4.80732666666667      -0.647985457260034     
   1.80399750000000        5.10765958333333      -0.629691437185229     
   1.80399750000000        5.40799250000000      -0.615414432165250     
   1.80399750000000        5.70832541666667      -0.604207090861426     
   1.80399750000000        6.00865833333333      -0.594942383054571     
   1.80399750000000        6.30899125000000      -0.586236282199013     
   1.80399750000000        6.60932416666667      -0.576648996633934     
   1.80399750000000        6.90965708333333      -0.564543656539130     
   1.80399750000000        7.20999000000000      -0.548257270577097     
   2.10433041666667       2.000000000000000E-003 -0.950930708865336     
   2.10433041666667       0.302332916666667      -0.975527681299298     
   2.10433041666667       0.602665833333333      -0.985948051079984     
   2.10433041666667       0.902998750000000      -0.984488337433498     
   2.10433041666667        1.20333166666667      -0.973552325321470     
   2.10433041666667        1.50366458333333      -0.954830100676494     
   2.10433041666667        1.80399750000000      -0.929739029518535     
   2.10433041666667        2.10433041666667      -0.900259944364737     
   2.10433041666667        2.40466333333333      -0.868952051242994     
   2.10433041666667        2.70499625000000      -0.838062706017921     
   2.10433041666667        3.00532916666667      -0.808583309373688     
   2.10433041666667        3.30566208333333      -0.780117730340175     
   2.10433041666667        3.60599500000000      -0.751718989899911     
   2.10433041666667        3.90632791666667      -0.723050603211813     
   2.10433041666667        4.20666083333333      -0.694975750598317     
   2.10433041666667        4.50699375000000      -0.669175145935230     
   2.10433041666667        4.80732666666667      -0.647187619494731     
   2.10433041666667        5.10765958333333      -0.629638655122125     
   2.10433041666667        5.40799250000000      -0.616128298252345     
   2.10433041666667        5.70832541666667      -0.605656179868005     
   2.10433041666667        6.00865833333333      -0.597078656825541     
   2.10433041666667        6.30899125000000      -0.589180690011983     
   2.10433041666667        6.60932416666667      -0.580405217649144     
   2.10433041666667        6.90965708333333      -0.568790474614218     
   2.10433041666667        7.20999000000000      -0.552648690341112     
   2.40466333333333       2.000000000000000E-003  -1.02011507621737     
   2.40466333333333       0.302332916666667       -1.04680753227185     
   2.40466333333333       0.602665833333333       -1.05379767643505     
   2.40466333333333       0.902998750000000       -1.04630804897222     
   2.40466333333333        1.20333166666667       -1.02922135956044     
   2.40466333333333        1.50366458333333       -1.00455563492583     
   2.40466333333333        1.80399750000000      -0.972808960552334     
   2.40466333333333        2.10433041666667      -0.935433182718660     
   2.40466333333333        2.40466333333333      -0.895447126929296     
   2.40466333333333        2.70499625000000      -0.856200828612649     
   2.40466333333333        3.00532916666667      -0.819771722437285     
   2.40466333333333        3.30566208333333      -0.786347642981217     
   2.40466333333333        3.60599500000000      -0.754944201221417     
   2.40466333333333        3.90632791666667      -0.724753926524781     
   2.40466333333333        4.20666083333333      -0.696057579713993     
   2.40466333333333        4.50699375000000      -0.670113127082880     
   2.40466333333333        4.80732666666667      -0.648289377279472     
   2.40466333333333        5.10765958333333      -0.631219911329450     
   2.40466333333333        5.40799250000000      -0.618578277734029     
   2.40466333333333        5.70832541666667      -0.609460996386239     
   2.40466333333333        6.00865833333333      -0.602847222718388     
   2.40466333333333        6.30899125000000      -0.597564447653470     
   2.40466333333333        6.60932416666667      -0.591693124932075     
   2.40466333333333        6.90965708333333      -0.582286406946517     
   2.40466333333333        7.20999000000000      -0.566658917720516     
   2.70499625000000       2.000000000000000E-003  -1.12149636703194     
   2.70499625000000       0.302332916666667       -1.15096875534750     
   2.70499625000000       0.602665833333333       -1.15189955519492     
   2.70499625000000       0.902998750000000       -1.12940882252404     
   2.70499625000000        1.20333166666667       -1.09626280822524     
   2.70499625000000        1.50366458333333       -1.06042160475481     
   2.70499625000000        1.80399750000000       -1.01959425703100     
   2.70499625000000        2.10433041666667      -0.973216959814303     
   2.70499625000000        2.40466333333333      -0.924019749127827     
   2.70499625000000        2.70499625000000      -0.876160792995418     
   2.70499625000000        3.00532916666667      -0.832701417052887     
   2.70499625000000        3.30566208333333      -0.794344246255215     
   2.70499625000000        3.60599500000000      -0.759977601083289     
   2.70499625000000        3.90632791666667      -0.728241763783626     
   2.70499625000000        4.20666083333333      -0.698806910177877     
   2.70499625000000        4.50699375000000      -0.672538242770354     
   2.70499625000000        4.80732666666667      -0.650702012702553     
   2.70499625000000        5.10765958333333      -0.634036649448187     
   2.70499625000000        5.40799250000000      -0.622431004155876     
   2.70499625000000        5.70832541666667      -0.615306597178683     
   2.70499625000000        6.00865833333333      -0.612147830315877     
   2.70499625000000        6.30899125000000      -0.612338547635625     
   2.70499625000000        6.60932416666667      -0.612568279190886     
   2.70499625000000        6.90965708333333      -0.606791846023307     
   2.70499625000000        7.20999000000000      -0.591637108983530     
   3.00532916666667       2.000000000000000E-003  -1.23935290068861     
   3.00532916666667       0.302332916666667       -1.27302275227141     
   3.00532916666667       0.602665833333333       -1.26588177354926     
   3.00532916666667       0.902998750000000       -1.22618946654124     
   3.00532916666667        1.20333166666667       -1.16760081332368     
   3.00532916666667        1.50366458333333       -1.11444149450798     
   3.00532916666667        1.80399750000000       -1.06301291455863     
   3.00532916666667        2.10433041666667       -1.00781848818790     
   3.00532916666667        2.40466333333333      -0.950196967785594     
   3.00532916666667        2.70499625000000      -0.894627172819659     
   3.00532916666667        3.00532916666667      -0.844915128154842     
   3.00532916666667        3.30566208333333      -0.802184214050768     
   3.00532916666667        3.60599500000000      -0.765196918721251     
   3.00532916666667        3.90632791666667      -0.732092203147708     
   3.00532916666667        4.20666083333333      -0.701989007313543     
   3.00532916666667        4.50699375000000      -0.675403286897646     
   3.00532916666667        4.80732666666667      -0.653527671868690     
   3.00532916666667        5.10765958333333      -0.637244215522469     
   3.00532916666667        5.40799250000000      -0.626748590665191     
   3.00532916666667        5.70832541666667      -0.622022934854149     
   3.00532916666667        6.00865833333333      -0.623699944990870     
   3.00532916666667        6.30899125000000      -0.632018132450538     
   3.00532916666667        6.60932416666667      -0.640135326046341     
   3.00532916666667        6.90965708333333      -0.638851907333049     
   3.00532916666667        7.20999000000000      -0.623568524248981     
   3.30566208333333       2.000000000000000E-003  -1.33334127453726     
   3.30566208333333       0.302332916666667       -1.37511242690995     
   3.30566208333333       0.602665833333333       -1.36415161910572     
   3.30566208333333       0.902998750000000       -1.30685563969257     
   3.30566208333333        1.20333166666667       -1.22755148918313     
   3.30566208333333        1.50366458333333       -1.15506328847109     
   3.30566208333333        1.80399750000000       -1.09427149738186     
   3.30566208333333        2.10433041666667       -1.03239427122123     
   3.30566208333333        2.40466333333333      -0.968765729761365     
   3.30566208333333        2.70499625000000      -0.907790832213518     
   3.30566208333333        3.00532916666667      -0.853708555003307     
   3.30566208333333        3.30566208333333      -0.807917567484851     
   3.30566208333333        3.60599500000000      -0.769094651375357     
   3.30566208333333        3.90632791666667      -0.735032368819636     
   3.30566208333333        4.20666083333333      -0.704464048154796     
   3.30566208333333        4.50699375000000      -0.677659221107135     
   3.30566208333333        4.80732666666667      -0.655762605647244     
   3.30566208333333        5.10765958333333      -0.639778984954190     
   3.30566208333333        5.40799250000000      -0.630188346851992     
   3.30566208333333        5.70832541666667      -0.627581657811095     
   3.30566208333333        6.00865833333333      -0.634155649089957     
   3.30566208333333        6.30899125000000      -0.649900748972531     
   3.30566208333333        6.60932416666667      -0.666271973293442     
   3.30566208333333        6.90965708333333      -0.668771617343622     
   3.30566208333333        7.20999000000000      -0.652390465087911     
   3.60599500000000       2.000000000000000E-003  -1.38326449954497     
   3.60599500000000       0.302332916666667       -1.41431557431710     
   3.60599500000000       0.602665833333333       -1.40362268376785     
   3.60599500000000       0.902998750000000       -1.33880433542658     
   3.60599500000000        1.20333166666667       -1.25130427975733     
   3.60599500000000        1.50366458333333       -1.17039237485259     
   3.60599500000000        1.80399750000000       -1.10572093678528     
   3.60599500000000        2.10433041666667       -1.04131593047278     
   3.60599500000000        2.40466333333333      -0.975497549298481     
   3.60599500000000        2.70499625000000      -0.912571725534793     
   3.60599500000000        3.00532916666667      -0.856913961708055     
   3.60599500000000        3.30566208333333      -0.810018351612797     
   3.60599500000000        3.60599500000000      -0.770531754693310     
   3.60599500000000        3.90632791666667      -0.736123299460626     
   3.60599500000000        4.20666083333333      -0.705387661523480     
   3.60599500000000        4.50699375000000      -0.678505145347171     
   3.60599500000000        4.80732666666667      -0.656603709447900     
   3.60599500000000        5.10765958333333      -0.640736770201862     
   3.60599500000000        5.40799250000000      -0.631502574059735     
   3.60599500000000        5.70832541666667      -0.629768928850780     
   3.60599500000000        6.00865833333333      -0.638440030262666     
   3.60599500000000        6.30899125000000      -0.657344448930938     
   3.60599500000000        6.60932416666667      -0.677563975640141     
   3.60599500000000        6.90965708333333      -0.682488186122922     
   3.60599500000000        7.20999000000000      -0.675367824736895     
   3.90632791666667       2.000000000000000E-003  -1.33328748853680     
   3.90632791666667       0.302332916666667       -1.37498295090902     
   3.90632791666667       0.602665833333333       -1.36404431474755     
   3.90632791666667       0.902998750000000       -1.30679679178487     
   3.90632791666667        1.20333166666667       -1.22752906698172     
   3.90632791666667        1.50366458333333       -1.15505819751188     
   3.90632791666667        1.80399750000000       -1.09427203619433     
   3.90632791666667        2.10433041666667       -1.03239492545409     
   3.90632791666667        2.40466333333333      -0.968763510344084     
   3.90632791666667        2.70499625000000      -0.907784410526970     
   3.90632791666667        3.00532916666667      -0.853697881552652     
   3.90632791666667        3.30566208333333      -0.807903382556861     
   3.90632791666667        3.60599500000000      -0.769077906536946     
   3.90632791666667        3.90632791666667      -0.735013799797064     
   3.90632791666667        4.20666083333333      -0.704444089868787     
   3.90632791666667        4.50699375000000      -0.677638251577692     
   3.90632791666667        4.80732666666667      -0.655741325012909     
   3.90632791666667        5.10765958333333      -0.639758724611435     
   3.90632791666667        5.40799250000000      -0.630171300178988     
   3.90632791666667        5.70832541666667      -0.627571423666959     
   3.90632791666667        6.00865833333333      -0.634159393998830     
   3.90632791666667        6.30899125000000      -0.649929550432704     
   3.90632791666667        6.60932416666667      -0.666333145614110     
   3.90632791666667        6.90965708333333      -0.668853416449009     
   3.90632791666667        7.20999000000000      -0.652452905652845     
   4.20666083333333       2.000000000000000E-003  -1.23926347018263     
   4.20666083333333       0.302332916666667       -1.27287729480691     
   4.20666083333333       0.602665833333333       -1.26575718793338     
   4.20666083333333       0.902998750000000       -1.22612096508504     
   4.20666083333333        1.20333166666667       -1.16757972733149     
   4.20666083333333        1.50366458333333       -1.11444279094695     
   4.20666083333333        1.80399750000000       -1.06302110485798     
   4.20666083333333        2.10433041666667       -1.00782449225180     
   4.20666083333333        2.40466333333333      -0.950195496422946     
   4.20666083333333        2.70499625000000      -0.894616078998484     
   4.20666083333333        3.00532916666667      -0.844894802064685     
   4.20666083333333        3.30566208333333      -0.802156491681175     
   4.20666083333333        3.60599500000000      -0.765163798962714     
   4.20666083333333        3.90632791666667      -0.732054979077733     
   4.20666083333333        4.20666083333333      -0.701948210034500     
   4.20666083333333        4.50699375000000      -0.675359345128736     
   4.20666083333333        4.80732666666667      -0.653481795002206     
   4.20666083333333        5.10765958333333      -0.637199001236336     
   4.20666083333333        5.40799250000000      -0.626708255929457     
   4.20666083333333        5.70832541666667      -0.621993687048356     
   4.20666083333333        6.00865833333333      -0.623691796871462     
   4.20666083333333        6.30899125000000      -0.632047108749185     
   4.20666083333333        6.60932416666667      -0.640209564380608     
   4.20666083333333        6.90965708333333      -0.638958676913509     
   4.20666083333333        7.20999000000000      -0.623672042073303     
   4.50699375000000       2.000000000000000E-003  -1.12141776491364     
   4.50699375000000       0.302332916666667       -1.15086959156193     
   4.50699375000000       0.602665833333333       -1.15182124940164     
   4.50699375000000       0.902998750000000       -1.12937612109968     
   4.50699375000000        1.20333166666667       -1.09626659706431     
   4.50699375000000        1.50366458333333       -1.06044346606615     
   4.50699375000000        1.80399750000000       -1.01961931914765     
   4.50699375000000        2.10433041666667      -0.973234216152168     
   4.50699375000000        2.40466333333333      -0.924022498329004     
   4.50699375000000        2.70499625000000      -0.876146909631202     
   4.50699375000000        3.00532916666667      -0.832672546509658     
   4.50699375000000        3.30566208333333      -0.794303872290491     
   4.50699375000000        3.60599500000000      -0.759928854348970     
   4.50699375000000        3.90632791666667      -0.728186117816585     
   4.50699375000000        4.20666083333333      -0.698744377231859     
   4.50699375000000        4.50699375000000      -0.672468748376841     
   4.50699375000000        4.80732666666667      -0.650626976142773     
   4.50699375000000        5.10765958333333      -0.633959859744642     
   4.50699375000000        5.40799250000000      -0.622358558473043     
   4.50699375000000        5.70832541666667      -0.615246464567982     
   4.50699375000000        6.00865833333333      -0.612109970542737     
   4.50699375000000        6.30899125000000      -0.612335907755149     
   4.50699375000000        6.60932416666667      -0.612610019785684     
   4.50699375000000        6.90965708333333      -0.606867909922385     
   4.50699375000000        7.20999000000000      -0.591722414302535     
   4.80732666666667       2.000000000000000E-003  -1.02006102518746     
   4.80732666666667       0.302332916666667       -1.04676288676271     
   4.80732666666667       0.602665833333333       -1.05377977374208     
   4.80732666666667       0.902998750000000       -1.04632283441508     
   4.80732666666667        1.20333166666667       -1.02926119347818     
   4.80732666666667        1.50366458333333       -1.00460657454539     
   4.80732666666667        1.80399750000000      -0.972856115016788     
   4.80732666666667        2.10433041666667      -0.935464184070726     
   4.80732666666667        2.40466333333333      -0.895454720576494     
   4.80732666666667        2.70499625000000      -0.856183929461045     
   4.80732666666667        3.00532916666667      -0.819734179649777     
   4.80732666666667        3.30566208333333      -0.786295138702117     
   4.80732666666667        3.60599500000000      -0.754880936421439     
   4.80732666666667        3.90632791666667      -0.724680957233507     
   4.80732666666667        4.20666083333333      -0.695973602409541     
   4.80732666666667        4.50699375000000      -0.670016938671337     
   4.80732666666667        4.80732666666667      -0.648182317921566     
   4.80732666666667        5.10765958333333      -0.631106898559863     
   4.80732666666667        5.40799250000000      -0.618467179965031     
   4.80732666666667        5.70832541666667      -0.609361195707726     
   4.80732666666667        6.00865833333333      -0.602768462539833     
   4.80732666666667        6.30899125000000      -0.597516045463515     
   4.80732666666667        6.60932416666667      -0.591681723217654     
   4.80732666666667        6.90965708333333      -0.582310229071135     
   4.80732666666667        7.20999000000000      -0.566703971708374     
   5.10765958333333       2.000000000000000E-003 -0.950893160828281     
   5.10765958333333       0.302332916666667      -0.975521633273479     
   5.10765958333333       0.602665833333333      -0.985977418303559     
   5.10765958333333       0.902998750000000      -0.984547288396674     
   5.10765958333333        1.20333166666667      -0.973629520348532     
   5.10765958333333        1.50366458333333      -0.954910374210439     
   5.10765958333333        1.80399750000000      -0.929806257686490     
   5.10765958333333        2.10433041666667      -0.900300903181009     
   5.10765958333333        2.40466333333333      -0.868960006635597     
   5.10765958333333        2.70499625000000      -0.838038822327967     
   5.10765958333333        3.00532916666667      -0.808534671307664     
   5.10765958333333        3.30566208333333      -0.780052722871256     
   5.10765958333333        3.60599500000000      -0.751642628985700     
   5.10765958333333        3.90632791666667      -0.722962668540320     
   5.10765958333333        4.20666083333333      -0.694872683843248     
   5.10765958333333        4.50699375000000      -0.669054053670071     
   5.10765958333333        4.80732666666667      -0.647049606761920     
   5.10765958333333        5.10765958333333      -0.629489684100207     
   5.10765958333333        5.40799250000000      -0.615977640017756     
   5.10765958333333        5.70832541666667      -0.605514011263539     
   5.10765958333333        6.00865833333333      -0.596954605243530     
   5.10765958333333        6.30899125000000      -0.589083771144897     
   5.10765958333333        6.60932416666667      -0.580343508938217     
   5.10765958333333        6.90965708333333      -0.568768248320959     
   5.10765958333333        7.20999000000000      -0.552660279194723     
   5.40799250000000       2.000000000000000E-003 -0.911435793971145     
   5.40799250000000       0.302332916666667      -0.933388742529793     
   5.40799250000000       0.602665833333333      -0.942746541197806     
   5.40799250000000       0.902998750000000      -0.941699439447489     
   5.40799250000000        1.20333166666667      -0.932024117695454     
   5.40799250000000        1.50366458333333      -0.915446588042908     
   5.40799250000000        1.80399750000000      -0.894460395744250     
   5.40799250000000        2.10433041666667      -0.871103452125263     
   5.40799250000000        2.40466333333333      -0.847187360455955     
   5.40799250000000        2.70499625000000      -0.823832149667990     
   5.40799250000000        3.00532916666667      -0.800959280192905     
   5.40799250000000        3.30566208333333      -0.777442960319470     
   5.40799250000000        3.60599500000000      -0.752063360731219     
   5.40799250000000        3.90632791666667      -0.724693210108725     
   5.40799250000000        4.20666083333333      -0.696749475396002     
   5.40799250000000        4.50699375000000      -0.670492516198546     
   5.40799250000000        4.80732666666667      -0.647821955259806     
   5.40799250000000        5.10765958333333      -0.629512411140576     
   5.40799250000000        5.40799250000000      -0.615229592222854     
   5.40799250000000        5.70832541666667      -0.604025464408447     
   5.40799250000000        6.00865833333333      -0.594772508625425     
   5.40799250000000        6.30899125000000      -0.586093904856566     
   5.40799250000000        6.60932416666667      -0.576549548847313     
   5.40799250000000        6.90965708333333      -0.564494664609105     
   5.40799250000000        7.20999000000000      -0.548255247993730     
   5.70832541666667       2.000000000000000E-003 -0.894837318896436     
   5.70832541666667       0.302332916666667      -0.913119623828924     
   5.70832541666667       0.602665833333333      -0.917855182535893     
   5.70832541666667       0.902998750000000      -0.913581349890313     
   5.70832541666667        1.20333166666667      -0.902806923297095     
   5.70832541666667        1.50366458333333      -0.886769025566312     
   5.70832541666667        1.80399750000000      -0.867627621463889     
   5.70832541666667        2.10433041666667      -0.848550658558923     
   5.70832541666667        2.40466333333333      -0.830791189617133     
   5.70832541666667        2.70499625000000      -0.814509202500928     
   5.70832541666667        3.00532916666667      -0.798625394005241     
   5.70832541666667        3.30566208333333      -0.780879400944416     
   5.70832541666667        3.60599500000000      -0.758931167048005     
   5.70832541666667        3.90632791666667      -0.732288543807039     
   5.70832541666667        4.20666083333333      -0.703174974357687     
   5.70832541666667        4.50699375000000      -0.675075356433452     
   5.70832541666667        4.80732666666667      -0.650676407552016     
   5.70832541666667        5.10765958333333      -0.631047257101909     
   5.70832541666667        5.40799250000000      -0.615962786982567     
   5.70832541666667        5.70832541666667      -0.604518651331014     
   5.70832541666667        6.00865833333333      -0.595236852276002     
   5.70832541666667        6.30899125000000      -0.586822149509025     
   5.70832541666667        6.60932416666667      -0.578080720495224     
   5.70832541666667        6.90965708333333      -0.567155014284281     
   5.70832541666667        7.20999000000000      -0.551464225919667     
   6.00865833333333       2.000000000000000E-003 -0.898408435609342     
   6.00865833333333       0.302332916666667      -0.910286347756285     
   6.00865833333333       0.602665833333333      -0.905550368451867     
   6.00865833333333       0.902998750000000      -0.895190264572199     
   6.00865833333333        1.20333166666667      -0.881773339098906     
   6.00865833333333        1.50366458333333      -0.865379580450462     
   6.00865833333333        1.80399750000000      -0.847476285081283     
   6.00865833333333        2.10433041666667      -0.831175679119333     
   6.00865833333333        2.40466333333333      -0.818850824030085     
   6.00865833333333        2.70499625000000      -0.810240468340502     
   6.00865833333333        3.00532916666667      -0.803616905364588     
   6.00865833333333        3.30566208333333      -0.794762170549108     
   6.00865833333333        3.60599500000000      -0.777604694028296     
   6.00865833333333        3.90632791666667      -0.750095508711748     
   6.00865833333333        4.20666083333333      -0.716294674705818     
   6.00865833333333        4.50699375000000      -0.683273289532362     
   6.00865833333333        4.80732666666667      -0.655238601535707     
   6.00865833333333        5.10765958333333      -0.633388539677622     
   6.00865833333333        5.40799250000000      -0.617360656349835     
   6.00865833333333        5.70832541666667      -0.605770617619088     
   6.00865833333333        6.00865833333333      -0.596921240498868     
   6.00865833333333        6.30899125000000      -0.589657554191388     
   6.00865833333333        6.60932416666667      -0.583224970607552     
   6.00865833333333        6.90965708333333      -0.575704744625239     
   6.00865833333333        7.20999000000000      -0.561945746952023     
   6.30899125000000       2.000000000000000E-003 -0.921495782983088     
   6.30899125000000       0.302332916666667      -0.919554545949881     
   6.30899125000000       0.602665833333333      -0.899063798978397     
   6.30899125000000       0.902998750000000      -0.881873434748456     
   6.30899125000000        1.20333166666667      -0.865266068777089     
   6.30899125000000        1.50366458333333      -0.847324302477028     
   6.30899125000000        1.80399750000000      -0.829938310989698     
   6.30899125000000        2.10433041666667      -0.816145302428248     
   6.30899125000000        2.40466333333333      -0.809275495843813     
   6.30899125000000        2.70499625000000      -0.810412711774943     
   6.30899125000000        3.00532916666667      -0.816905653384814     
   6.30899125000000        3.30566208333333      -0.819532057367657     
   6.30899125000000        3.60599500000000      -0.808058350044291     
   6.30899125000000        3.90632791666667      -0.778404383775489     
   6.30899125000000        4.20666083333333      -0.736907878441930     
   6.30899125000000        4.50699375000000      -0.694687773537713     
   6.30899125000000        4.80732666666667      -0.660255922979893     
   6.30899125000000        5.10765958333333      -0.635167445271274     
   6.30899125000000        5.40799250000000      -0.617947913571862     
   6.30899125000000        5.70832541666667      -0.606464181045550     
   6.30899125000000        6.00865833333333      -0.598748129787729     
   6.30899125000000        6.30899125000000      -0.593386940944920     
   6.30899125000000        6.60932416666667      -0.590246295904500     
   6.30899125000000        6.90965708333333      -0.589158851927783     
   6.30899125000000        7.20999000000000      -0.580579026126057     
   6.60932416666667       2.000000000000000E-003 -0.956848600568874     
   6.60932416666667       0.302332916666667      -0.927998351272806     
   6.60932416666667       0.602665833333333      -0.893223284526600     
   6.60932416666667       0.902998750000000      -0.872713895619941     
   6.60932416666667        1.20333166666667      -0.851189982765387     
   6.60932416666667        1.50366458333333      -0.829476485655700     
   6.60932416666667        1.80399750000000      -0.811309585321975     
   6.60932416666667        2.10433041666667      -0.799942309664390     
   6.60932416666667        2.40466333333333      -0.798783594173585     
   6.60932416666667        2.70499625000000      -0.810489763852152     
   6.60932416666667        3.00532916666667      -0.829579821917401     
   6.60932416666667        3.30566208333333      -0.844489291296942     
   6.60932416666667        3.60599500000000      -0.839330289590986     
   6.60932416666667        3.90632791666667      -0.806827535481139     
   6.60932416666667        4.20666083333333      -0.756508831008787     
   6.60932416666667        4.50699375000000      -0.705052947577596     
   6.60932416666667        4.80732666666667      -0.663112661783850     
   6.60932416666667        5.10765958333333      -0.634302957112223     
   6.60932416666667        5.40799250000000      -0.615956807454451     
   6.60932416666667        5.70832541666667      -0.605244084332000     
   6.60932416666667        6.00865833333333      -0.599961229957030     
   6.60932416666667        6.30899125000000      -0.598016306055925     
   6.60932416666667        6.60932416666667      -0.598029337968502     
   6.60932416666667        6.90965708333333      -0.603706077058927     
   6.60932416666667        7.20999000000000      -0.605691172581066     
   6.90965708333333       2.000000000000000E-003 -0.962538964260915     
   6.90965708333333       0.302332916666667      -0.923427494899097     
   6.90965708333333       0.602665833333333      -0.900640283409976     
   6.90965708333333       0.902998750000000      -0.870230173708970     
   6.90965708333333        1.20333166666667      -0.836529809278463     
   6.90965708333333        1.50366458333333      -0.808362940061350     
   6.90965708333333        1.80399750000000      -0.788618633341232     
   6.90965708333333        2.10433041666667      -0.779096864040219     
   6.90965708333333        2.40466333333333      -0.782988693420010     
   6.90965708333333        2.70499625000000      -0.802091655074993     
   6.90965708333333        3.00532916666667      -0.829957080694462     
   6.90965708333333        3.30566208333333      -0.851889996061720     
   6.90965708333333        3.60599500000000      -0.851367183470486     
   6.90965708333333        3.90632791666667      -0.817947513070379     
   6.90965708333333        4.20666083333333      -0.763645135075102     
   6.90965708333333        4.50699375000000      -0.706532859311670     
   6.90965708333333        4.80732666666667      -0.659888680675506     
   6.90965708333333        5.10765958333333      -0.628307645583467     
   6.90965708333333        5.40799250000000      -0.609475763761025     
   6.90965708333333        5.70832541666667      -0.600170404380983     
   6.90965708333333        6.00865833333333      -0.598704365545906     
   6.90965708333333        6.30899125000000      -0.603578095454546     
   6.90965708333333        6.60932416666667      -0.610531010163541     
   6.90965708333333        6.90965708333333      -0.613540518508663     
   6.90965708333333        7.20999000000000      -0.619209419382157     
   7.20999000000000       2.000000000000000E-003 -0.922868803627367     
   7.20999000000000       0.302332916666667      -0.940916940733162     
   7.20999000000000       0.602665833333333      -0.912011602024095     
   7.20999000000000       0.902998750000000      -0.856849851873434     
   7.20999000000000        1.20333166666667      -0.811335347913754     
   7.20999000000000        1.50366458333333      -0.779408449069999     
   7.20999000000000        1.80399750000000      -0.759429593117914     
   7.20999000000000        2.10433041666667      -0.751473381701151     
   7.20999000000000        2.40466333333333      -0.758004425856256     
   7.20999000000000        2.70499625000000      -0.780100072810916     
   7.20999000000000        3.00532916666667      -0.810722516399701     
   7.20999000000000        3.30566208333333      -0.833884206593562     
   7.20999000000000        3.60599500000000      -0.847002602932871     
   7.20999000000000        3.90632791666667      -0.802994439634947     
   7.20999000000000        4.20666083333333      -0.750486529532317     
   7.20999000000000        4.50699375000000      -0.693874201784026     
   7.20999000000000        4.80732666666667      -0.646989050422714     
   7.20999000000000        5.10765958333333      -0.615215568736437     
   7.20999000000000        5.40799250000000      -0.596815075513110     
   7.20999000000000        5.70832541666667      -0.588719337513193     
   7.20999000000000        6.00865833333333      -0.589861784835572     
   7.20999000000000        6.30899125000000      -0.600515513866420     
   7.20999000000000        6.60932416666667      -0.618426523540991     
   7.20999000000000        6.90965708333333      -0.625060645879694     
   7.20999000000000        7.20999000000000      -0.608860007824787     
