  2.000000000000000E-003  2.000000000000000E-003  -1.70606324837672     
  2.000000000000000E-003  0.302332916666667       -1.68937890258843     
  2.000000000000000E-003  0.602665833333333       -1.56587910248273     
  2.000000000000000E-003  0.902998750000000       -1.38685945323923     
  2.000000000000000E-003   1.20333166666667       -1.24184894183978     
  2.000000000000000E-003   1.50366458333333       -1.13480227866313     
  2.000000000000000E-003   1.80399750000000       -1.05587142012571     
  2.000000000000000E-003   2.10433041666667      -0.999701963533527     
  2.000000000000000E-003   2.40466333333333      -0.965641663168207     
  2.000000000000000E-003   2.70499625000000      -0.953233260499296     
  2.000000000000000E-003   3.00532916666667      -0.953665851090061     
  2.000000000000000E-003   3.30566208333333      -0.949137164173642     
  2.000000000000000E-003   3.60599500000000      -0.938692829113023     
  2.000000000000000E-003   3.90632791666667      -0.873286435381432     
  2.000000000000000E-003   4.20666083333333      -0.803677211088660     
  2.000000000000000E-003   4.50699375000000      -0.735554344089153     
  2.000000000000000E-003   4.80732666666667      -0.679239290745249     
  2.000000000000000E-003   5.10765958333333      -0.638196766843655     
  2.000000000000000E-003   5.40799250000000      -0.610072785711842     
  2.000000000000000E-003   5.70832541666667      -0.591668196330019     
  2.000000000000000E-003   6.00865833333333      -0.581755626369369     
  2.000000000000000E-003   6.30899125000000      -0.580510798168721     
  2.000000000000000E-003   6.60932416666667      -0.586680341861168     
  2.000000000000000E-003   6.90965708333333      -0.587185639657441     
  2.000000000000000E-003   7.20999000000000      -0.571297588143801     
  0.302332916666667       2.000000000000000E-003  -1.80733621587379     
  0.302332916666667       0.302332916666667       -1.65319602822886     
  0.302332916666667       0.602665833333333       -1.53091401819551     
  0.302332916666667       0.902998750000000       -1.39815246921864     
  0.302332916666667        1.20333166666667       -1.27285746809621     
  0.302332916666667        1.50366458333333       -1.16961012960199     
  0.302332916666667        1.80399750000000       -1.08818741929313     
  0.302332916666667        2.10433041666667       -1.02704700955290     
  0.302332916666667        2.40466333333333      -0.987185160494474     
  0.302332916666667        2.70499625000000      -0.969308583021444     
  0.302332916666667        3.00532916666667      -0.965274401164152     
  0.302332916666667        3.30566208333333      -0.959132623088532     
  0.302332916666667        3.60599500000000      -0.934380389941370     
  0.302332916666667        3.90632791666667      -0.879596725194551     
  0.302332916666667        4.20666083333333      -0.809312879966047     
  0.302332916666667        4.50699375000000      -0.741143825299629     
  0.302332916666667        4.80732666666667      -0.685210121911732     
  0.302332916666667        5.10765958333333      -0.644402909421765     
  0.302332916666667        5.40799250000000      -0.616029536422545     
  0.302332916666667        5.70832541666667      -0.596800330245412     
  0.302332916666667        6.00865833333333      -0.585188747546943     
  0.302332916666667        6.30899125000000      -0.580369959383730     
  0.302332916666667        6.60932416666667      -0.580006649693044     
  0.302332916666667        6.90965708333333      -0.578380148626380     
  0.302332916666667        7.20999000000000      -0.573959828825889     
  0.602665833333333       2.000000000000000E-003  -1.78452303534485     
  0.602665833333333       0.302332916666667       -1.66164534508198     
  0.602665833333333       0.602665833333333       -1.50383269364120     
  0.602665833333333       0.902998750000000       -1.38646229430953     
  0.602665833333333        1.20333166666667       -1.28134124594583     
  0.602665833333333        1.50366458333333       -1.18671286449526     
  0.602665833333333        1.80399750000000       -1.10564927474393     
  0.602665833333333        2.10433041666667       -1.04042497162499     
  0.602665833333333        2.40466333333333      -0.993487513596412     
  0.602665833333333        2.70499625000000      -0.966590827631409     
  0.602665833333333        3.00532916666667      -0.952888796559949     
  0.602665833333333        3.30566208333333      -0.939860962235170     
  0.602665833333333        3.60599500000000      -0.911144506328706     
  0.602665833333333        3.90632791666667      -0.859459452135514     
  0.602665833333333        4.20666083333333      -0.794797696209067     
  0.602665833333333        4.50699375000000      -0.732585820788103     
  0.602665833333333        4.80732666666667      -0.681258178966591     
  0.602665833333333        5.10765958333333      -0.643290440277584     
  0.602665833333333        5.40799250000000      -0.615779498346174     
  0.602665833333333        5.70832541666667      -0.595943069704304     
  0.602665833333333        6.00865833333333      -0.582009084422798     
  0.602665833333333        6.30899125000000      -0.572626342890532     
  0.602665833333333        6.60932416666667      -0.566687195143970     
  0.602665833333333        6.90965708333333      -0.564511208758921     
  0.602665833333333        7.20999000000000      -0.557894724901148     
  0.902998750000000       2.000000000000000E-003  -1.69998336953938     
  0.902998750000000       0.302332916666667       -1.63362974529361     
  0.902998750000000       0.602665833333333       -1.50519825593926     
  0.902998750000000       0.902998750000000       -1.38829717294700     
  0.902998750000000        1.20333166666667       -1.28597682532523     
  0.902998750000000        1.50366458333333       -1.19330808692186     
  0.902998750000000        1.80399750000000       -1.11099778861153     
  0.902998750000000        2.10433041666667       -1.04168690249047     
  0.902998750000000        2.40466333333333      -0.988184189229732     
  0.902998750000000        2.70499625000000      -0.950278716880425     
  0.902998750000000        3.00532916666667      -0.924121047791662     
  0.902998750000000        3.30566208333333      -0.899792514734366     
  0.902998750000000        3.60599500000000      -0.866678385510431     
  0.902998750000000        3.90632791666667      -0.820322654060236     
  0.902998750000000        4.20666083333333      -0.766259364889129     
  0.902998750000000        4.50699375000000      -0.714026934749365     
  0.902998750000000        4.80732666666667      -0.670475225004327     
  0.902998750000000        5.10765958333333      -0.636604061659753     
  0.902998750000000        5.40799250000000      -0.610793509861369     
  0.902998750000000        5.70832541666667      -0.591038799344814     
  0.902998750000000        6.00865833333333      -0.575785681506183     
  0.902998750000000        6.30899125000000      -0.563887498149542     
  0.902998750000000        6.60932416666667      -0.554697605607234     
  0.902998750000000        6.90965708333333      -0.546979179937709     
  0.902998750000000        7.20999000000000      -0.534152006802160     
   1.20333166666667       2.000000000000000E-003  -1.62355332279231     
   1.20333166666667       0.302332916666667       -1.58633731115891     
   1.20333166666667       0.602665833333333       -1.49333470485674     
   1.20333166666667       0.902998750000000       -1.38761525136948     
   1.20333166666667        1.20333166666667       -1.28595676331305     
   1.20333166666667        1.50366458333333       -1.19156880551032     
   1.20333166666667        1.80399750000000       -1.10648116711402     
   1.20333166666667        2.10433041666667       -1.03405066296808     
   1.20333166666667        2.40466333333333      -0.975484895030330     
   1.20333166666667        2.70499625000000      -0.928867970552899     
   1.20333166666667        3.00532916666667      -0.891282360172109     
   1.20333166666667        3.30566208333333      -0.857632879725520     
   1.20333166666667        3.60599500000000      -0.821307253115594     
   1.20333166666667        3.90632791666667      -0.779512862671624     
   1.20333166666667        4.20666083333333      -0.734927859597252     
   1.20333166666667        4.50699375000000      -0.692898717344191     
   1.20333166666667        4.80732666666667      -0.656555091713721     
   1.20333166666667        5.10765958333333      -0.626686950293189     
   1.20333166666667        5.40799250000000      -0.602858380183285     
   1.20333166666667        5.70832541666667      -0.583843303249063     
   1.20333166666667        6.00865833333333      -0.568324887065882     
   1.20333166666667        6.30899125000000      -0.555259009172120     
   1.20333166666667        6.60932416666667      -0.543657626408023     
   1.20333166666667        6.90965708333333      -0.531730907924070     
   1.20333166666667        7.20999000000000      -0.516024932756714     
   1.50366458333333       2.000000000000000E-003  -1.56343538341999     
   1.50366458333333       0.302332916666667       -1.53906668656010     
   1.50366458333333       0.602665833333333       -1.46841540239288     
   1.50366458333333       0.902998750000000       -1.37520302516204     
   1.50366458333333        1.20333166666667       -1.27636932432191     
   1.50366458333333        1.50366458333333       -1.18062739999562     
   1.50366458333333        1.80399750000000       -1.09388935318414     
   1.50366458333333        2.10433041666667       -1.02011684641880     
   1.50366458333333        2.40466333333333      -0.958314552287693     
   1.50366458333333        2.70499625000000      -0.906776366453907     
   1.50366458333333        3.00532916666667      -0.863006553291844     
   1.50366458333333        3.30566208333333      -0.823680369507476     
   1.50366458333333        3.60599500000000      -0.785555822203990     
   1.50366458333333        3.90632791666667      -0.747073518189716     
   1.50366458333333        4.20666083333333      -0.709050684545846     
   1.50366458333333        4.50699375000000      -0.673518075320986     
   1.50366458333333        4.80732666666667      -0.642138073337664     
   1.50366458333333        5.10765958333333      -0.615582273417751     
   1.50366458333333        5.40799250000000      -0.593682882348215     
   1.50366458333333        5.70832541666667      -0.575736532269995     
   1.50366458333333        6.00865833333333      -0.560623823558150     
   1.50366458333333        6.30899125000000      -0.547261466421888     
   1.50366458333333        6.60932416666667      -0.534474391992697     
   1.50366458333333        6.90965708333333      -0.520703037313653     
   1.50366458333333        7.20999000000000      -0.504161332065182     
   1.80399750000000       2.000000000000000E-003  -1.51654485403169     
   1.80399750000000       0.302332916666667       -1.49780130230304     
   1.80399750000000       0.602665833333333       -1.43750917394611     
   1.80399750000000       0.902998750000000       -1.35201848616059     
   1.80399750000000        1.20333166666667       -1.25581102969471     
   1.80399750000000        1.50366458333333       -1.16098223547625     
   1.80399750000000        1.80399750000000       -1.07589072596186     
   1.80399750000000        2.10433041666667       -1.00173957682186     
   1.80399750000000        2.40466333333333      -0.938389449450759     
   1.80399750000000        2.70499625000000      -0.884726557702850     
   1.80399750000000        3.00532916666667      -0.838671768586611     
   1.80399750000000        3.30566208333333      -0.797660923045781     
   1.80399750000000        3.60599500000000      -0.759473317657879     
   1.80399750000000        3.90632791666667      -0.723003975990326     
   1.80399750000000        4.20666083333333      -0.688439951835986     
   1.80399750000000        4.50699375000000      -0.656704139442150     
   1.80399750000000        4.80732666666667      -0.628672800955356     
   1.80399750000000        5.10765958333333      -0.604717904908184     
   1.80399750000000        5.40799250000000      -0.584663007509332     
   1.80399750000000        5.70832541666667      -0.567931525201392     
   1.80399750000000        6.00865833333333      -0.553675215607643     
   1.80399750000000        6.30899125000000      -0.540792270252753     
   1.80399750000000        6.60932416666667      -0.528020452954002     
   1.80399750000000        6.90965708333333      -0.513987646051214     
   1.80399750000000        7.20999000000000      -0.497511036288098     
   2.10433041666667       2.000000000000000E-003  -1.48420809869691     
   2.10433041666667       0.302332916666667       -1.46508442992565     
   2.10433041666667       0.602665833333333       -1.40624614171247     
   2.10433041666667       0.902998750000000       -1.32134857178784     
   2.10433041666667        1.20333166666667       -1.22856004641752     
   2.10433041666667        1.50366458333333       -1.13779480299036     
   2.10433041666667        1.80399750000000       -1.05416416423774     
   2.10433041666667        2.10433041666667      -0.980229772049482     
   2.10433041666667        2.40466333333333      -0.916757119804343     
   2.10433041666667        2.70499625000000      -0.862949246576642     
   2.10433041666667        3.00532916666667      -0.816856556678633     
   2.10433041666667        3.30566208333333      -0.776123351765211     
   2.10433041666667        3.60599500000000      -0.738823667294729     
   2.10433041666667        3.90632791666667      -0.704004054149779     
   2.10433041666667        4.20666083333333      -0.671689647238192     
   2.10433041666667        4.50699375000000      -0.642436372895409     
   2.10433041666667        4.80732666666667      -0.616780588011332     
   2.10433041666667        5.10765958333333      -0.594910051096754     
   2.10433041666667        5.40799250000000      -0.576622707522284     
   2.10433041666667        5.70832541666667      -0.561420740598254     
   2.10433041666667        6.00865833333333      -0.548559129076775     
   2.10433041666667        6.30899125000000      -0.536992526263591     
   2.10433041666667        6.60932416666667      -0.525337779575688     
   2.10433041666667        6.90965708333333      -0.512104438638763     
   2.10433041666667        7.20999000000000      -0.496143742350833     
   2.40466333333333       2.000000000000000E-003  -1.47884835330711     
   2.40466333333333       0.302332916666667       -1.45573612042486     
   2.40466333333333       0.602665833333333       -1.38754126702956     
   2.40466333333333       0.902998750000000       -1.29835697864318     
   2.40466333333333        1.20333166666667       -1.20410396093563     
   2.40466333333333        1.50366458333333       -1.11306234045247     
   2.40466333333333        1.80399750000000       -1.02973444692846     
   2.40466333333333        2.10433041666667      -0.956531154766201     
   2.40466333333333        2.40466333333333      -0.894125807571808     
   2.40466333333333        2.70499625000000      -0.841576449567255     
   2.40466333333333        3.00532916666667      -0.796797857542661     
   2.40466333333333        3.30566208333333      -0.757397080011322     
   2.40466333333333        3.60599500000000      -0.721515811121240     
   2.40466333333333        3.90632791666667      -0.688284114929212     
   2.40466333333333        4.20666083333333      -0.657732888365996     
   2.40466333333333        4.50699375000000      -0.630335890341569     
   2.40466333333333        4.80732666666667      -0.606524530050810     
   2.40466333333333        5.10765958333333      -0.586436066252234     
   2.40466333333333        5.40799250000000      -0.569918692463107     
   2.40466333333333        5.70832541666667      -0.556624437826736     
   2.40466333333333        6.00865833333333      -0.545989792948612     
   2.40466333333333        6.30899125000000      -0.537012300210828     
   2.40466333333333        6.60932416666667      -0.527962127362654     
   2.40466333333333        6.90965708333333      -0.516607042168533     
   2.40466333333333        7.20999000000000      -0.501427827176542     
   2.70499625000000       2.000000000000000E-003  -1.50456399347028     
   2.70499625000000       0.302332916666667       -1.47692720573293     
   2.70499625000000       0.602665833333333       -1.39601942846057     
   2.70499625000000       0.902998750000000       -1.28826749004053     
   2.70499625000000        1.20333166666667       -1.18209166718205     
   2.70499625000000        1.50366458333333       -1.08692939893977     
   2.70499625000000        1.80399750000000       -1.00320935430003     
   2.70499625000000        2.10433041666667      -0.931334134390309     
   2.70499625000000        2.40466333333333      -0.870968871907140     
   2.70499625000000        2.70499625000000      -0.820627313080211     
   2.70499625000000        3.00532916666667      -0.777938171118133     
   2.70499625000000        3.30566208333333      -0.740410830402486     
   2.70499625000000        3.60599500000000      -0.706222222933634     
   2.70499625000000        3.90632791666667      -0.674591738238039     
   2.70499625000000        4.20666083333333      -0.645619628423633     
   2.70499625000000        4.50699375000000      -0.619801573129851     
   2.70499625000000        4.80732666666667      -0.597572370841021     
   2.70499625000000        5.10765958333333      -0.579115286634968     
   2.70499625000000        5.40799250000000      -0.564429247676083     
   2.70499625000000        5.70832541666667      -0.553463841315238     
   2.70499625000000        6.00865833333333      -0.546090172398109     
   2.70499625000000        6.30899125000000      -0.541663045503213     
   2.70499625000000        6.60932416666667      -0.537375636208597     
   2.70499625000000        6.90965708333333      -0.528915498987628     
   2.70499625000000        7.20999000000000      -0.514471411963720     
   3.00532916666667       2.000000000000000E-003  -1.52998475927727     
   3.00532916666667       0.302332916666667       -1.49780402757929     
   3.00532916666667       0.602665833333333       -1.40353461861709     
   3.00532916666667       0.902998750000000       -1.28029140572447     
   3.00532916666667        1.20333166666667       -1.15960988133697     
   3.00532916666667        1.50366458333333       -1.05869623073714     
   3.00532916666667        1.80399750000000      -0.974827978506698     
   3.00532916666667        2.10433041666667      -0.905061962876993     
   3.00532916666667        2.40466333333333      -0.847505553613420     
   3.00532916666667        2.70499625000000      -0.799946164968408     
   3.00532916666667        3.00532916666667      -0.759719402854060     
   3.00532916666667        3.30566208333333      -0.724287762884546     
   3.00532916666667        3.60599500000000      -0.691907226092433     
   3.00532916666667        3.90632791666667      -0.661907285431450     
   3.00532916666667        4.20666083333333      -0.634468600448424     
   3.00532916666667        4.50699375000000      -0.610126897853932     
   3.00532916666667        4.80732666666667      -0.589353136187301     
   3.00532916666667        5.10765958333333      -0.572426020983223     
   3.00532916666667        5.40799250000000      -0.559574248444182     
   3.00532916666667        5.70832541666667      -0.551217390761207     
   3.00532916666667        6.00865833333333      -0.548135840249850     
   3.00532916666667        6.30899125000000      -0.550326837992937     
   3.00532916666667        6.60932416666667      -0.552393154139112     
   3.00532916666667        6.90965708333333      -0.547399401550091     
   3.00532916666667        7.20999000000000      -0.533032439010208     
   3.30566208333333       2.000000000000000E-003  -1.52235276629075     
   3.30566208333333       0.302332916666667       -1.49270446597740     
   3.30566208333333       0.602665833333333       -1.39404519760191     
   3.30566208333333       0.902998750000000       -1.26011654219611     
   3.30566208333333        1.20333166666667       -1.13143181833632     
   3.30566208333333        1.50366458333333       -1.02683222914926     
   3.30566208333333        1.80399750000000      -0.944398413913944     
   3.30566208333333        2.10433041666667      -0.877805066797727     
   3.30566208333333        2.40466333333333      -0.823688083312274     
   3.30566208333333        2.70499625000000      -0.779228255418907     
   3.30566208333333        3.00532916666667      -0.741597022459341     
   3.30566208333333        3.30566208333333      -0.708318433704372     
   3.30566208333333        3.60599500000000      -0.677788740800607     
   3.30566208333333        3.90632791666667      -0.649457976717469     
   3.30566208333333        4.20666083333333      -0.623566849893772     
   3.30566208333333        4.50699375000000      -0.600666878011322     
   3.30566208333333        4.80732666666667      -0.581252969620660     
   3.30566208333333        5.10765958333333      -0.565698005868950     
   3.30566208333333        5.40799250000000      -0.554464090594241     
   3.30566208333333        5.70832541666667      -0.548485007737309     
   3.30566208333333        6.00865833333333      -0.549791356212291     
   3.30566208333333        6.30899125000000      -0.558283505702273     
   3.30566208333333        6.60932416666667      -0.567322976363249     
   3.30566208333333        6.90965708333333      -0.565707474913018     
   3.30566208333333        7.20999000000000      -0.550671325034119     
   3.60599500000000       2.000000000000000E-003  -1.48713859103679     
   3.60599500000000       0.302332916666667       -1.44426215138635     
   3.60599500000000       0.602665833333333       -1.34978208728456     
   3.60599500000000       0.902998750000000       -1.21782055112717     
   3.60599500000000        1.20333166666667       -1.09129865495927     
   3.60599500000000        1.50366458333333      -0.989518728710090     
   3.60599500000000        1.80399750000000      -0.911474191215276     
   3.60599500000000        2.10433041666667      -0.849416608108400     
   3.60599500000000        2.40466333333333      -0.799327065080834     
   3.60599500000000        2.70499625000000      -0.758178793467704     
   3.60599500000000        3.00532916666667      -0.723198876847456     
   3.60599500000000        3.30566208333333      -0.692094692048723     
   3.60599500000000        3.60599500000000      -0.663451469775793     
   3.60599500000000        3.90632791666667      -0.636834524932646     
   3.60599500000000        4.20666083333333      -0.612511674624821     
   3.60599500000000        4.50699375000000      -0.591013889476192     
   3.60599500000000        4.80732666666667      -0.572828108232893     
   3.60599500000000        5.10765958333333      -0.558377022568897     
   3.60599500000000        5.40799250000000      -0.548254398617369     
   3.60599500000000        5.70832541666667      -0.543659745018159     
   3.60599500000000        6.00865833333333      -0.547207176384638     
   3.60599500000000        6.30899125000000      -0.558711332727952     
   3.60599500000000        6.60932416666667      -0.571380283166588     
   3.60599500000000        6.90965708333333      -0.572540626406096     
   3.60599500000000        7.20999000000000      -0.565025957963278     
   3.90632791666667       2.000000000000000E-003  -1.36729961666123     
   3.90632791666667       0.302332916666667       -1.34384584277727     
   3.90632791666667       0.602665833333333       -1.26265202934614     
   3.90632791666667       0.902998750000000       -1.14841014809912     
   3.90632791666667        1.20333166666667       -1.03673941146741     
   3.90632791666667        1.50366458333333      -0.946129227950573     
   3.90632791666667        1.80399750000000      -0.875962989601509     
   3.90632791666667        2.10433041666667      -0.819871240699137     
   3.90632791666667        2.40466333333333      -0.774380209965877     
   3.90632791666667        2.70499625000000      -0.736758145953350     
   3.90632791666667        3.00532916666667      -0.704516018854055     
   3.90632791666667        3.30566208333333      -0.675642431236850     
   3.90632791666667        3.60599500000000      -0.648936312960166     
   3.90632791666667        3.90632791666667      -0.624063886011920     
   3.90632791666667        4.20666083333333      -0.601293257035707     
   3.90632791666667        4.50699375000000      -0.581110369722228     
   3.90632791666667        4.80732666666667      -0.563967087745210     
   3.90632791666667        5.10765958333333      -0.550276828185699     
   3.90632791666667        5.40799250000000      -0.540608242493296     
   3.90632791666667        5.70832541666667      -0.536001569466976     
   3.90632791666667        6.00865833333333      -0.538527739597859     
   3.90632791666667        6.30899125000000      -0.548051219444079     
   3.90632791666667        6.60932416666667      -0.557936951666877     
   3.90632791666667        6.90965708333333      -0.557114043991029     
   3.90632791666667        7.20999000000000      -0.542978971301672     
   4.20666083333333       2.000000000000000E-003  -1.22613098522998     
   4.20666083333333       0.302332916666667       -1.20745435524013     
   4.20666083333333       0.602665833333333       -1.14604800879553     
   4.20666083333333       0.902998750000000       -1.05991451683868     
   4.20666083333333        1.20333166666667      -0.972142263599978     
   4.20666083333333        1.50366458333333      -0.898659653147691     
   4.20666083333333        1.80399750000000      -0.838780547445364     
   4.20666083333333        2.10433041666667      -0.789693814487691     
   4.20666083333333        2.40466333333333      -0.749256511052296     
   4.20666083333333        2.70499625000000      -0.715377173236080     
   4.20666083333333        3.00532916666667      -0.685998851409461     
   4.20666083333333        3.30566208333333      -0.659439670492300     
   4.20666083333333        3.60599500000000      -0.634711654914166     
   4.20666083333333        3.90632791666667      -0.611566857170045     
   4.20666083333333        4.20666083333333      -0.590265194632060     
   4.20666083333333        4.50699375000000      -0.571249067592386     
   4.20666083333333        4.80732666666667      -0.554931699131887     
   4.20666083333333        5.10765958333333      -0.541680087204271     
   4.20666083333333        5.40799250000000      -0.531926495480511     
   4.20666083333333        5.70832541666667      -0.526294019725517     
   4.20666083333333        6.00865833333333      -0.525662895786313     
   4.20666083333333        6.30899125000000      -0.530002786274575     
   4.20666083333333        6.60932416666667      -0.533904781389307     
   4.20666083333333        6.90965708333333      -0.530544850860978     
   4.20666083333333        7.20999000000000      -0.517753582481471     
   4.50699375000000       2.000000000000000E-003  -1.08211827907906     
   4.50699375000000       0.302332916666667       -1.07007170396336     
   4.50699375000000       0.602665833333333       -1.02925256720146     
   4.50699375000000       0.902998750000000      -0.970149932605473     
   4.50699375000000        1.20333166666667      -0.907786875855953     
   4.50699375000000        1.50366458333333      -0.851108346323071     
   4.50699375000000        1.80399750000000      -0.801890216316321     
   4.50699375000000        2.10433041666667      -0.760106638777033     
   4.50699375000000        2.40466333333333      -0.724907580552115     
   4.50699375000000        2.70499625000000      -0.694897541520810     
   4.50699375000000        3.00532916666667      -0.668478747467837     
   4.50699375000000        3.30566208333333      -0.644288532382575     
   4.50699375000000        3.60599500000000      -0.621526370562074     
   4.50699375000000        3.90632791666667      -0.600015841662576     
   4.50699375000000        4.20666083333333      -0.580019716745484     
   4.50699375000000        4.50699375000000      -0.561966568715216     
   4.50699375000000        4.80732666666667      -0.546257849062940     
   4.50699375000000        5.10765958333333      -0.533217875911179     
   4.50699375000000        5.40799250000000      -0.523124073419657     
   4.50699375000000        5.70832541666667      -0.516201928642527     
   4.50699375000000        6.00865833333333      -0.512478742255967     
   4.50699375000000        6.30899125000000      -0.511337222682315     
   4.50699375000000        6.60932416666667      -0.509955179976864     
   4.50699375000000        6.90965708333333      -0.504072667003060     
   4.50699375000000        7.20999000000000      -0.491982608102760     
   4.80732666666667       2.000000000000000E-003 -0.965340549410103     
   4.80732666666667       0.302332916666667      -0.958863517582206     
   4.80732666666667       0.602665833333333      -0.933244990232772     
   4.80732666666667       0.902998750000000      -0.894573150198488     
   4.80732666666667        1.20333166666667      -0.850718271095786     
   4.80732666666667        1.50366458333333      -0.807389163030423     
   4.80732666666667        1.80399750000000      -0.767650698287856     
   4.80732666666667        2.10433041666667      -0.732725602187588     
   4.80732666666667        2.40466333333333      -0.702589497988452     
   4.80732666666667        2.70499625000000      -0.676397858889951     
   4.80732666666667        3.00532916666667      -0.652940479779917     
   4.80732666666667        3.30566208333333      -0.631107313460141     
   4.80732666666667        3.60599500000000      -0.610227926746685     
   4.80732666666667        3.90632791666667      -0.590174960814722     
   4.80732666666667        4.20666083333333      -0.571238370895392     
   4.80732666666667        4.50699375000000      -0.553888218151913     
   4.80732666666667        4.80732666666667      -0.538570341938992     
   4.80732666666667        5.10765958333333      -0.525606184074485     
   4.80732666666667        5.40799250000000      -0.515162444679350     
   4.80732666666667        5.70832541666667      -0.507203641266924     
   4.80732666666667        6.00865833333333      -0.501360290565448     
   4.80732666666667        6.30899125000000      -0.496700355005762     
   4.80732666666667        6.60932416666667      -0.491523400406688     
   4.80732666666667        6.90965708333333      -0.483654554527503     
   4.80732666666667        7.20999000000000      -0.471617622830953     
   5.10765958333333       2.000000000000000E-003 -0.882784594179550     
   5.10765958333333       0.302332916666667      -0.879481936174737     
   5.10765958333333       0.602665833333333      -0.862595286465161     
   5.10765958333333       0.902998750000000      -0.835896305722591     
   5.10765958333333        1.20333166666667      -0.803686565976550     
   5.10765958333333        1.50366458333333      -0.770077383614206     
   5.10765958333333        1.80399750000000      -0.737981185058407     
   5.10765958333333        2.10433041666667      -0.708960232364003     
   5.10765958333333        2.40466333333333      -0.683401292857514     
   5.10765958333333        2.70499625000000      -0.660823100636011     
   5.10765958333333        3.00532916666667      -0.640276053297208     
   5.10765958333333        3.30566208333333      -0.620774962761357     
   5.10765958333333        3.60599500000000      -0.601666343081000     
   5.10765958333333        3.90632791666667      -0.582822571609219     
   5.10765958333333        4.20666083333333      -0.564598279837858     
   5.10765958333333        4.50699375000000      -0.547596810338537     
   5.10765958333333        4.80732666666667      -0.532399583092263     
   5.10765958333333        5.10765958333333      -0.519389554761759     
   5.10765958333333        5.40799250000000      -0.508681831964939     
   5.10765958333333        5.70832541666667      -0.500094578236717     
   5.10765958333333        6.00865833333333      -0.493104503345226     
   5.10765958333333        6.30899125000000      -0.486792669168295     
   5.10765958333333        6.60932416666667      -0.479859967688614     
   5.10765958333333        6.90965708333333      -0.470873006944608     
   5.10765958333333        7.20999000000000      -0.458797250381788     
   5.40799250000000       2.000000000000000E-003 -0.828431564983938     
   5.40799250000000       0.302332916666667      -0.826364361996931     
   5.40799250000000       0.602665833333333      -0.813342511915043     
   5.40799250000000       0.902998750000000      -0.792477699209575     
   5.40799250000000        1.20333166666667      -0.767163471135964     
   5.40799250000000        1.50366458333333      -0.740173292902811     
   5.40799250000000        1.80399750000000      -0.713745083868603     
   5.40799250000000        2.10433041666667      -0.689446047220206     
   5.40799250000000        2.40466333333333      -0.667858952965616     
   5.40799250000000        2.70499625000000      -0.648720691314417     
   5.40799250000000        3.00532916666667      -0.631183274310167     
   5.40799250000000        3.30566208333333      -0.614164575009794     
   5.40799250000000        3.60599500000000      -0.596793699866954     
   5.40799250000000        3.90632791666667      -0.578831165545588     
   5.40799250000000        4.20666083333333      -0.560779663994933     
   5.40799250000000        4.50699375000000      -0.543564033528543     
   5.40799250000000        4.80732666666667      -0.528058228710089     
   5.40799250000000        5.10765958333333      -0.514787493976595     
   5.40799250000000        5.40799250000000      -0.503857427240299     
   5.40799250000000        5.70832541666667      -0.494995725961113     
   5.40799250000000        6.00865833333333      -0.487608945750639     
   5.40799250000000        6.30899125000000      -0.480771680779042     
   5.40799250000000        6.60932416666667      -0.473366450212875     
   5.40799250000000        6.90965708333333      -0.464197182255162     
   5.40799250000000        7.20999000000000      -0.452268795337866     
   5.70832541666667       2.000000000000000E-003 -0.796905000134620     
   5.70832541666667       0.302332916666667      -0.794491407598285     
   5.70832541666667       0.602665833333333      -0.781469461139564     
   5.70832541666667       0.902998750000000      -0.762347207916527     
   5.70832541666667        1.20333166666667      -0.740307744466897     
   5.70832541666667        1.50366458333333      -0.717196411725982     
   5.70832541666667        1.80399750000000      -0.694523151949545     
   5.70832541666667        2.10433041666667      -0.673794139301507     
   5.70832541666667        2.40466333333333      -0.655726362045351     
   5.70832541666667        2.70499625000000      -0.640200260366452     
   5.70832541666667        3.00532916666667      -0.626306053246622     
   5.70832541666667        3.30566208333333      -0.612477646250153     
   5.70832541666667        3.60599500000000      -0.597076646320130     
   5.70832541666667        3.90632791666667      -0.579467579772795     
   5.70832541666667        4.20666083333333      -0.560571971899930     
   5.70832541666667        4.50699375000000      -0.542121890865936     
   5.70832541666667        4.80732666666667      -0.525569608118280     
   5.70832541666667        5.10765958333333      -0.511644598427808     
   5.70832541666667        5.40799250000000      -0.500425941372974     
   5.70832541666667        5.70832541666667      -0.491522069944006     
   5.70832541666667        6.00865833333333      -0.484142947117841     
   5.70832541666667        6.30899125000000      -0.477451436222718     
   5.70832541666667        6.60932416666667      -0.470472359355706     
   5.70832541666667        6.90965708333333      -0.461937300585795     
   5.70832541666667        7.20999000000000      -0.450468023983986     
   6.00865833333333       2.000000000000000E-003 -0.785081572359698     
   6.00865833333333       0.302332916666667      -0.779894440746852     
   6.00865833333333       0.602665833333333      -0.762498199185606     
   6.00865833333333       0.902998750000000      -0.741695627505449     
   6.00865833333333        1.20333166666667      -0.720403108456132     
   6.00865833333333        1.50366458333333      -0.699159848818149     
   6.00865833333333        1.80399750000000      -0.678808805724046     
   6.00865833333333        2.10433041666667      -0.660737174060696     
   6.00865833333333        2.40466333333333      -0.646112421991654     
   6.00865833333333        2.70499625000000      -0.635043346329685     
   6.00865833333333        3.00532916666667      -0.626572865975196     
   6.00865833333333        3.30566208333333      -0.618050223628807     
   6.00865833333333        3.60599500000000      -0.605458750982397     
   6.00865833333333        3.90632791666667      -0.587072256771018     
   6.00865833333333        4.20666083333333      -0.565023230784803     
   6.00865833333333        4.50699375000000      -0.543373074371908     
   6.00865833333333        4.80732666666667      -0.524579633293893     
   6.00865833333333        5.10765958333333      -0.509425189336967     
   6.00865833333333        5.40799250000000      -0.497778039781248     
   6.00865833333333        5.70832541666667      -0.488871547711639     
   6.00865833333333        6.00865833333333      -0.481819068693930     
   6.00865833333333        6.30899125000000      -0.475857672489347     
   6.00865833333333        6.60932416666667      -0.470181832591051     
   6.00865833333333        6.90965708333333      -0.463388437524320     
   6.00865833333333        7.20999000000000      -0.452956100377444     
   6.30899125000000       2.000000000000000E-003 -0.790900610527056     
   6.30899125000000       0.302332916666667      -0.778201909070608     
   6.30899125000000       0.602665833333333      -0.751350820072564     
   6.30899125000000       0.902998750000000      -0.726952121111858     
   6.30899125000000        1.20333166666667      -0.704732699707524     
   6.30899125000000        1.50366458333333      -0.683610879315331     
   6.30899125000000        1.80399750000000      -0.664379455151959     
   6.30899125000000        2.10433041666667      -0.648502838303846     
   6.30899125000000        2.40466333333333      -0.637605631686799     
   6.30899125000000        2.70499625000000      -0.632585435674815     
   6.30899125000000        3.00532916666667      -0.632265600555114     
   6.30899125000000        3.30566208333333      -0.631071752662859     
   6.30899125000000        3.60599500000000      -0.621948276876082     
   6.30899125000000        3.90632791666667      -0.601674307483637     
   6.30899125000000        4.20666083333333      -0.574287763145792     
   6.30899125000000        4.50699375000000      -0.546803738615958     
   6.30899125000000        4.80732666666667      -0.524169029376778     
   6.30899125000000        5.10765958333333      -0.507196393686642     
   6.30899125000000        5.40799250000000      -0.494960502074601     
   6.30899125000000        5.70832541666667      -0.486196828672474     
   6.30899125000000        6.00865833333333      -0.479903610066199     
   6.30899125000000        6.30899125000000      -0.475286978604800     
   6.30899125000000        6.60932416666667      -0.471769485272621     
   6.30899125000000        6.90965708333333      -0.468290992726013     
   6.30899125000000        7.20999000000000      -0.460229638823437     
   6.60932416666667       2.000000000000000E-003 -0.807487450537141     
   6.60932416666667       0.302332916666667      -0.779859285737512     
   6.60932416666667       0.602665833333333      -0.743747197739454     
   6.60932416666667       0.902998750000000      -0.716809559486997     
   6.60932416666667        1.20333166666667      -0.691629705703322     
   6.60932416666667        1.50366458333333      -0.668542956847886     
   6.60932416666667        1.80399750000000      -0.649211792704209     
   6.60932416666667        2.10433041666667      -0.635167182049024     
   6.60932416666667        2.40466333333333      -0.628220004652748     
   6.60932416666667        2.70499625000000      -0.629925476847028     
   6.60932416666667        3.00532916666667      -0.637730634238457     
   6.60932416666667        3.30566208333333      -0.644605604113566     
   6.60932416666667        3.60599500000000      -0.639416048941036     
   6.60932416666667        3.90632791666667      -0.616403366970489     
   6.60932416666667        4.20666083333333      -0.582778672577515     
   6.60932416666667        4.50699375000000      -0.549544288875947     
   6.60932416666667        4.80732666666667      -0.522610974631677     
   6.60932416666667        5.10765958333333      -0.503628065372421     
   6.60932416666667        5.40799250000000      -0.490844274092432     
   6.60932416666667        5.70832541666667      -0.482548619416308     
   6.60932416666667        6.00865833333333      -0.477675779203236     
   6.60932416666667        6.30899125000000      -0.475367779273075     
   6.60932416666667        6.60932416666667      -0.474688029034923     
   6.60932416666667        6.90965708333333      -0.475429043091421     
   6.60932416666667        7.20999000000000      -0.471925472605278     
   6.90965708333333       2.000000000000000E-003 -0.803977641852732     
   6.90965708333333       0.302332916666667      -0.772936029595350     
   6.90965708333333       0.602665833333333      -0.745047097011286     
   6.90965708333333       0.902998750000000      -0.711450778021512     
   6.90965708333333        1.20333166666667      -0.678592891182237     
   6.90965708333333        1.50366458333333      -0.651661247488917     
   6.90965708333333        1.80399750000000      -0.631593403644902     
   6.90965708333333        2.10433041666667      -0.618983313923990     
   6.90965708333333        2.40466333333333      -0.615456167987027     
   6.90965708333333        2.70499625000000      -0.621935837203001     
   6.90965708333333        3.00532916666667      -0.635085678048619     
   6.90965708333333        3.30566208333333      -0.646358317262971     
   6.90965708333333        3.60599500000000      -0.644208660784486     
   6.90965708333333        3.90632791666667      -0.619563906284451     
   6.90965708333333        4.20666083333333      -0.583141029120575     
   6.90965708333333        4.50699375000000      -0.546862477240713     
   6.90965708333333        4.80732666666667      -0.517539301791175     
   6.90965708333333        5.10765958333333      -0.497192706294170     
   6.90965708333333        5.40799250000000      -0.484221025555787     
   6.90965708333333        5.70832541666667      -0.476678716639076     
   6.90965708333333        6.00865833333333      -0.473786059365646     
   6.90965708333333        6.30899125000000      -0.475211249107299     
   6.90965708333333        6.60932416666667      -0.479294612294313     
   6.90965708333333        6.90965708333333      -0.481257270733587     
   6.90965708333333        7.20999000000000      -0.479707444007206     
   7.20999000000000       2.000000000000000E-003 -0.768442550770796     
   7.20999000000000       0.302332916666667      -0.775207677830251     
   7.20999000000000       0.602665833333333      -0.745768258702167     
   7.20999000000000       0.902998750000000      -0.698065085318925     
   7.20999000000000        1.20333166666667      -0.658617452039342     
   7.20999000000000        1.50366458333333      -0.629848188312579     
   7.20999000000000        1.80399750000000      -0.610045461863222     
   7.20999000000000        2.10433041666667      -0.598780335263964     
   7.20999000000000        2.40466333333333      -0.597264867364202     
   7.20999000000000        2.70499625000000      -0.605785473760295     
   7.20999000000000        3.00532916666667      -0.620362883469352     
   7.20999000000000        3.30566208333333      -0.631811492951262     
   7.20999000000000        3.60599500000000      -0.638412675952599     
   7.20999000000000        3.90632791666667      -0.607215457641823     
   7.20999000000000        4.20666083333333      -0.572028929114558     
   7.20999000000000        4.50699375000000      -0.536340935050792     
   7.20999000000000        4.80732666666667      -0.507068930218407     
   7.20999000000000        5.10765958333333      -0.486738673120214     
   7.20999000000000        5.40799250000000      -0.474059142220847     
   7.20999000000000        5.70832541666667      -0.467173651632772     
   7.20999000000000        6.00865833333333      -0.465583139668166     
   7.20999000000000        6.30899125000000      -0.469811004460056     
   7.20999000000000        6.60932416666667      -0.479206954852208     
   7.20999000000000        6.90965708333333      -0.483708740397552     
   7.20999000000000        7.20999000000000      -0.474603287751319     
