  2.000000000000000E-003  2.000000000000000E-003 -0.729286282697792     
  2.000000000000000E-003  0.302332916666667      -0.749262845315097     
  2.000000000000000E-003  0.602665833333333      -0.735501378063162     
  2.000000000000000E-003  0.902998750000000      -0.702307571710091     
  2.000000000000000E-003   1.20333166666667      -0.677560716308053     
  2.000000000000000E-003   1.50366458333333      -0.664829506387795     
  2.000000000000000E-003   1.80399750000000      -0.663462813982869     
  2.000000000000000E-003   2.10433041666667      -0.674340851072959     
  2.000000000000000E-003   2.40466333333333      -0.700825344348772     
  2.000000000000000E-003   2.70499625000000      -0.744253452014479     
  2.000000000000000E-003   3.00532916666667      -0.796576894530827     
  2.000000000000000E-003   3.30566208333333      -0.839173725920788     
  2.000000000000000E-003   3.60599500000000      -0.868705711111634     
  2.000000000000000E-003   3.90632791666667      -0.839110885773547     
  2.000000000000000E-003   4.20666083333333      -0.796472450168382     
  2.000000000000000E-003   4.50699375000000      -0.744166059205652     
  2.000000000000000E-003   4.80732666666667      -0.700773970641265     
  2.000000000000000E-003   5.10765958333333      -0.674317456136481     
  2.000000000000000E-003   5.40799250000000      -0.663447243319731     
  2.000000000000000E-003   5.70832541666667      -0.664806233423071     
  2.000000000000000E-003   6.00865833333333      -0.677518612078277     
  2.000000000000000E-003   6.30899125000000      -0.702244470556312     
  2.000000000000000E-003   6.60932416666667      -0.735423859793513     
  2.000000000000000E-003   6.90965708333333      -0.749152757610746     
  2.000000000000000E-003   7.20999000000000      -0.729149225663801     
  0.302332916666667       2.000000000000000E-003 -0.749264437093906     
  0.302332916666667       0.302332916666667      -0.730409928780636     
  0.302332916666667       0.602665833333333      -0.722584582857955     
  0.302332916666667       0.902998750000000      -0.707514010410535     
  0.302332916666667        1.20333166666667      -0.691823537531791     
  0.302332916666667        1.50366458333333      -0.682678232535448     
  0.302332916666667        1.80399750000000      -0.682539947174563     
  0.302332916666667        2.10433041666667      -0.693368243480737     
  0.302332916666667        2.40466333333333      -0.718727043118890     
  0.302332916666667        2.70499625000000      -0.760435294731095     
  0.302332916666667        3.00532916666667      -0.810911303357005     
  0.302332916666667        3.30566208333333      -0.852917188597504     
  0.302332916666667        3.60599500000000      -0.869290859360251     
  0.302332916666667        3.90632791666667      -0.852810976874902     
  0.302332916666667        4.20666083333333      -0.810782230433207     
  0.302332916666667        4.50699375000000      -0.760345011501354     
  0.302332916666667        4.80732666666667      -0.718691442033841     
  0.302332916666667        5.10765958333333      -0.693376363617945     
  0.302332916666667        5.40799250000000      -0.682568331715340     
  0.302332916666667        5.70832541666667      -0.682705597978005     
  0.302332916666667        6.00865833333333      -0.691832388213675     
  0.302332916666667        6.30899125000000      -0.707498076501832     
  0.302332916666667        6.60932416666667      -0.722556587266205     
  0.302332916666667        6.90965708333333      -0.730365087597131     
  0.302332916666667        7.20999000000000      -0.749153908531916     
  0.602665833333333       2.000000000000000E-003 -0.735502355875650     
  0.602665833333333       0.302332916666667      -0.722584836325263     
  0.602665833333333       0.602665833333333      -0.707452505607932     
  0.602665833333333       0.902998750000000      -0.701680007310829     
  0.602665833333333        1.20333166666667      -0.696153087850141     
  0.602665833333333        1.50366458333333      -0.692710894332668     
  0.602665833333333        1.80399750000000      -0.694627502716836     
  0.602665833333333        2.10433041666667      -0.704743930298599     
  0.602665833333333        2.40466333333333      -0.726177332689525     
  0.602665833333333        2.70499625000000      -0.761297903124265     
  0.602665833333333        3.00532916666667      -0.803562893811300     
  0.602665833333333        3.30566208333333      -0.839823349298827     
  0.602665833333333        3.60599500000000      -0.854126502856702     
  0.602665833333333        3.90632791666667      -0.839739415230320     
  0.602665833333333        4.20666083333333      -0.803462901782183     
  0.602665833333333        4.50699375000000      -0.761236494429617     
  0.602665833333333        4.80732666666667      -0.726172151882752     
  0.602665833333333        5.10765958333333      -0.704787499599253     
  0.602665833333333        5.40799250000000      -0.694701804873516     
  0.602665833333333        5.70832541666667      -0.692792668016011     
  0.602665833333333        6.00865833333333      -0.696219759199907     
  0.602665833333333        6.30899125000000      -0.701716724372841     
  0.602665833333333        6.60932416666667      -0.707458427472468     
  0.602665833333333        6.90965708333333      -0.722556237237217     
  0.602665833333333        7.20999000000000      -0.735425955574766     
  0.902998750000000       2.000000000000000E-003 -0.702305298403143     
  0.902998750000000       0.302332916666667      -0.707511127324090     
  0.902998750000000       0.602665833333333      -0.701677430676915     
  0.902998750000000       0.902998750000000      -0.699064086156110     
  0.902998750000000        1.20333166666667      -0.698153824643940     
  0.902998750000000        1.50366458333333      -0.698450964310501     
  0.902998750000000        1.80399750000000      -0.701885841173606     
  0.902998750000000        2.10433041666667      -0.710925944345345     
  0.902998750000000        2.40466333333333      -0.728029722721978     
  0.902998750000000        2.70499625000000      -0.753989659757839     
  0.902998750000000        3.00532916666667      -0.785404297336992     
  0.902998750000000        3.30566208333333      -0.811789235905342     
  0.902998750000000        3.60599500000000      -0.822203562707870     
  0.902998750000000        3.90632791666667      -0.811745481794992     
  0.902998750000000        4.20666083333333      -0.785354912736215     
  0.902998750000000        4.50699375000000      -0.753972673815762     
  0.902998750000000        4.80732666666667      -0.728058104656280     
  0.902998750000000        5.10765958333333      -0.710999628487328     
  0.902998750000000        5.40799250000000      -0.701998151029141     
  0.902998750000000        5.70832541666667      -0.698578636842484     
  0.902998750000000        6.00865833333333      -0.698270804658733     
  0.902998750000000        6.30899125000000      -0.699147883302898     
  0.902998750000000        6.60932416666667      -0.701714017995078     
  0.902998750000000        6.90965708333333      -0.707495297356490     
  0.902998750000000        7.20999000000000      -0.702243339320350     
   1.20333166666667       2.000000000000000E-003 -0.677554936635502     
   1.20333166666667       0.302332916666667      -0.691816957919131     
   1.20333166666667       0.602665833333333      -0.696147032020946     
   1.20333166666667       0.902998750000000      -0.698150390875873     
   1.20333166666667        1.20333166666667      -0.699977223913805     
   1.20333166666667        1.50366458333333      -0.702284449242038     
   1.20333166666667        1.80399750000000      -0.706519926497039     
   1.20333166666667        2.10433041666667      -0.714875759135423     
   1.20333166666667        2.40466333333333      -0.728721688431116     
   1.20333166666667        2.70499625000000      -0.747257604225246     
   1.20333166666667        3.00532916666667      -0.767930311297430     
   1.20333166666667        3.30566208333333      -0.785400357409874     
   1.20333166666667        3.60599500000000      -0.792296292180106     
   1.20333166666667        3.90632791666667      -0.785386753061552     
   1.20333166666667        4.20666083333333      -0.767922333037071     
   1.20333166666667        4.50699375000000      -0.747275473629456     
   1.20333166666667        4.80732666666667      -0.728776405697568     
   1.20333166666667        5.10765958333333      -0.714970190132768     
   1.20333166666667        5.40799250000000      -0.706652915270426     
   1.20333166666667        5.70832541666667      -0.702438691975678     
   1.20333166666667        6.00865833333333      -0.700125595169307     
   1.20333166666667        6.30899125000000      -0.698267314040124     
   1.20333166666667        6.60932416666667      -0.696213655921701     
   1.20333166666667        6.90965708333333      -0.691826090332378     
   1.20333166666667        7.20999000000000      -0.677513673783122     
   1.50366458333333       2.000000000000000E-003 -0.664820671198368     
   1.50366458333333       0.302332916666667      -0.682668574860284     
   1.50366458333333       0.602665833333333      -0.692702119710333     
   1.50366458333333       0.902998750000000      -0.698445155458412     
   1.50366458333333        1.20333166666667      -0.702282343462343     
   1.50366458333333        1.50366458333333      -0.705744906337857     
   1.50366458333333        1.80399750000000      -0.710631176526254     
   1.50366458333333        2.10433041666667      -0.718906009479127     
   1.50366458333333        2.40466333333333      -0.730751549821046     
   1.50366458333333        2.70499625000000      -0.745121353137012     
   1.50366458333333        3.00532916666667      -0.759658232930542     
   1.50366458333333        3.30566208333333      -0.770834860759289     
   1.50366458333333        3.60599500000000      -0.775083944235232     
   1.50366458333333        3.90632791666667      -0.770836607271058     
   1.50366458333333        4.20666083333333      -0.759671485524276     
   1.50366458333333        4.50699375000000      -0.745158669000721     
   1.50366458333333        4.80732666666667      -0.730821303698898     
   1.50366458333333        5.10765958333333      -0.719009696633779     
   1.50366458333333        5.40799250000000      -0.710764907179196     
   1.50366458333333        5.70832541666667      -0.705900325214970     
   1.50366458333333        6.00865833333333      -0.702436509348663     
   1.50366458333333        6.30899125000000      -0.698572708588516     
   1.50366458333333        6.60932416666667      -0.692783840028688     
   1.50366458333333        6.90965708333333      -0.682696083158112     
   1.50366458333333        7.20999000000000      -0.664797882182866     
   1.80399750000000       2.000000000000000E-003 -0.663451469775796     
   1.80399750000000       0.302332916666667      -0.682528172182945     
   1.80399750000000       0.602665833333333      -0.694617645355812     
   1.80399750000000       0.902998750000000      -0.701880104190431     
   1.80399750000000        1.20333166666667      -0.706518880734493     
   1.80399750000000        1.50366458333333      -0.710632714314020     
   1.80399750000000        1.80399750000000      -0.716292943772766     
   1.80399750000000        2.10433041666667      -0.724429369342408     
   1.80399750000000        2.40466333333333      -0.735050031403008     
   1.80399750000000        2.70499625000000      -0.747168563952400     
   1.80399750000000        3.00532916666667      -0.758796296561126     
   1.80399750000000        3.30566208333333      -0.767338426559915     
   1.80399750000000        3.60599500000000      -0.770498096729220     
   1.80399750000000        3.90632791666667      -0.767346296711211     
   1.80399750000000        4.20666083333333      -0.758818337069076     
   1.80399750000000        4.50699375000000      -0.747213296711428     
   1.80399750000000        4.80732666666667      -0.735123037294100     
   1.80399750000000        5.10765958333333      -0.724530167766502     
   1.80399750000000        5.40799250000000      -0.716415120083623     
   1.80399750000000        5.70832541666667      -0.710766321720299     
   1.80399750000000        6.00865833333333      -0.706651657091295     
   1.80399750000000        6.30899125000000      -0.701992156331176     
   1.80399750000000        6.60932416666667      -0.694691708703352     
   1.80399750000000        6.90965708333333      -0.682556457893936     
   1.80399750000000        7.20999000000000      -0.663436059457140     
   2.10433041666667       2.000000000000000E-003 -0.674327305184927     
   2.10433041666667       0.302332916666667      -0.693355251007158     
   2.10433041666667       0.602665833333333      -0.704734774478361     
   2.10433041666667       0.902998750000000      -0.710923211926710     
   2.10433041666667        1.20333166666667      -0.714879241519275     
   2.10433041666667        1.50366458333333      -0.718912694734039     
   2.10433041666667        1.80399750000000      -0.724434776249128     
   2.10433041666667        2.10433041666667      -0.732071711792761     
   2.10433041666667        2.40466333333333      -0.741702112020451     
   2.10433041666667        2.70499625000000      -0.752382798103336     
   2.10433041666667        3.00532916666667      -0.762389962259334     
   2.10433041666667        3.30566208333333      -0.769606175688981     
   2.10433041666667        3.60599500000000      -0.772248080839993     
   2.10433041666667        3.90632791666667      -0.769615729845301     
   2.10433041666667        4.20666083333333      -0.762413386506997     
   2.10433041666667        4.50699375000000      -0.752425850602680     
   2.10433041666667        4.80732666666667      -0.741768070605066     
   2.10433041666667        5.10765958333333      -0.732158675593761     
   2.10433041666667        5.40799250000000      -0.724535420501113     
   2.10433041666667        5.70832541666667      -0.719016082579602     
   2.10433041666667        6.00865833333333      -0.714973235461560     
   2.10433041666667        6.30899125000000      -0.710996348421544     
   2.10433041666667        6.60932416666667      -0.704777753297263     
   2.10433041666667        6.90965708333333      -0.693362876304397     
   2.10433041666667        7.20999000000000      -0.674303671514240     
   2.40466333333333       2.000000000000000E-003 -0.700809182298641     
   2.40466333333333       0.302332916666667      -0.718712610825847     
   2.40466333333333       0.602665833333333      -0.726169191974283     
   2.40466333333333       0.902998750000000      -0.728030670602275     
   2.40466333333333        1.20333166666667      -0.728731087201298     
   2.40466333333333        1.50366458333333      -0.730765527882318     
   2.40466333333333        1.80399750000000      -0.735063209119316     
   2.40466333333333        2.10433041666667      -0.741709841484346     
   2.40466333333333        2.40466333333333      -0.750258493044618     
   2.40466333333333        2.70499625000000      -0.759707310421668     
   2.40466333333333        3.00532916666667      -0.768495631969771     
   2.40466333333333        3.30566208333333      -0.774794182822765     
   2.40466333333333        3.60599500000000      -0.777092537872480     
   2.40466333333333        3.90632791666667      -0.774802902668150     
   2.40466333333333        4.20666083333333      -0.768515863327392     
   2.40466333333333        4.50699375000000      -0.759742608938104     
   2.40466333333333        4.80732666666667      -0.750310346887335     
   2.40466333333333        5.10765958333333      -0.741775630737496     
   2.40466333333333        5.40799250000000      -0.735135880152419     
   2.40466333333333        5.70832541666667      -0.730834762685227     
   2.40466333333333        6.00865833333333      -0.728785060229840     
   2.40466333333333        6.30899125000000      -0.728058051492920     
   2.40466333333333        6.60932416666667      -0.726162802984620     
   2.40466333333333        6.90965708333333      -0.718675809251703     
   2.40466333333333        7.20999000000000      -0.700756976952598     
   2.70499625000000       2.000000000000000E-003 -0.744232812865480     
   2.70499625000000       0.302332916666667      -0.760416754632877     
   2.70499625000000       0.602665833333333      -0.761287839804160     
   2.70499625000000       0.902998750000000      -0.753992715795128     
   2.70499625000000        1.20333166666667      -0.747272653066854     
   2.70499625000000        1.50366458333333      -0.745142938905220     
   2.70499625000000        1.80399750000000      -0.747189850094427     
   2.70499625000000        2.10433041666667      -0.752398300830038     
   2.70499625000000        2.40466333333333      -0.759714661094763     
   2.70499625000000        2.70499625000000      -0.767948356001176     
   2.70499625000000        3.00532916666667      -0.775624483258315     
   2.70499625000000        3.30566208333333      -0.781123073084494     
   2.70499625000000        3.60599500000000      -0.783128295116179     
   2.70499625000000        3.90632791666667      -0.781129670643219     
   2.70499625000000        4.20666083333333      -0.775639265081922     
   2.70499625000000        4.50699375000000      -0.767973175504946     
   2.70499625000000        4.80732666666667      -0.759749780186734     
   2.70499625000000        5.10765958333333      -0.752441002528626     
   2.70499625000000        5.40799250000000      -0.747234051698850     
   2.70499625000000        5.70832541666667      -0.745179488082548     
   2.70499625000000        6.00865833333333      -0.747289400370387     
   2.70499625000000        6.30899125000000      -0.753974086801681     
   2.70499625000000        6.60932416666667      -0.761224472947294     
   2.70499625000000        6.90965708333333      -0.760324575539906     
   2.70499625000000        7.20999000000000      -0.744144105993302     
   3.00532916666667       2.000000000000000E-003 -0.796548742973623     
   3.00532916666667       0.302332916666667      -0.810884236883605     
   3.00532916666667       0.602665833333333      -0.803546165311163     
   3.00532916666667       0.902998750000000      -0.785406162599795     
   3.00532916666667        1.20333166666667      -0.767949205752281     
   3.00532916666667        1.50366458333333      -0.759686052635377     
   3.00532916666667        1.80399750000000      -0.758824261949058     
   3.00532916666667        2.10433041666667      -0.762411547999067     
   3.00532916666667        2.40466333333333      -0.768508253167279     
   3.00532916666667        2.70499625000000      -0.775629281284756     
   3.00532916666667        3.00532916666667      -0.782324443364372     
   3.00532916666667        3.30566208333333      -0.787130537326617     
   3.00532916666667        3.60599500000000      -0.788883938203309     
   3.00532916666667        3.90632791666667      -0.787134662313721     
   3.00532916666667        4.20666083333333      -0.782333438240184     
   3.00532916666667        4.50699375000000      -0.775643883704391     
   3.00532916666667        4.80732666666667      -0.768528127448545     
   3.00532916666667        5.10765958333333      -0.762434444288176     
   3.00532916666667        5.40799250000000      -0.758845584073343     
   3.00532916666667        5.70832541666667      -0.759698303953747     
   3.00532916666667        6.00865833333333      -0.767939715301564     
   3.00532916666667        6.30899125000000      -0.785354669864818     
   3.00532916666667        6.60932416666667      -0.803443807505416     
   3.00532916666667        6.90965708333333      -0.810753182865686     
   3.00532916666667        7.20999000000000      -0.796442884535132     
   3.30566208333333       2.000000000000000E-003 -0.839136746287965     
   3.30566208333333       0.302332916666667      -0.852877590954938     
   3.30566208333333       0.602665833333333      -0.839795964545165     
   3.30566208333333       0.902998750000000      -0.811787120555559     
   3.30566208333333        1.20333166666667      -0.785420737772598     
   3.30566208333333        1.50366458333333      -0.770866552756756     
   3.30566208333333        1.80399750000000      -0.767370624748529     
   3.30566208333333        2.10433041666667      -0.769631419111563     
   3.30566208333333        2.40466333333333      -0.774809651634040     
   3.30566208333333        2.70499625000000      -0.781130122589792     
   3.30566208333333        3.00532916666667      -0.787132549228919     
   3.30566208333333        3.30566208333333      -0.791453226506786     
   3.30566208333333        3.60599500000000      -0.793030441363206     
   3.30566208333333        3.90632791666667      -0.791455078601801     
   3.30566208333333        4.20666083333333      -0.787136510215543     
   3.30566208333333        4.50699375000000      -0.781136380578033     
   3.30566208333333        4.80732666666667      -0.774817859265797     
   3.30566208333333        5.10765958333333      -0.769640295997207     
   3.30566208333333        5.40799250000000      -0.767377632191925     
   3.30566208333333        5.70832541666667      -0.770867145085939     
   3.30566208333333        6.00865833333333      -0.785405401604070     
   3.30566208333333        6.30899125000000      -0.811741225235542     
   3.30566208333333        6.60932416666667      -0.839709765418525     
   3.30566208333333        6.90965708333333      -0.852769625856573     
   3.30566208333333        7.20999000000000      -0.839073051863863     
   3.60599500000000       2.000000000000000E-003 -0.868668206321368     
   3.60599500000000       0.302332916666667      -0.869243762516564     
   3.60599500000000       0.602665833333333      -0.854093133139007     
   3.60599500000000       0.902998750000000      -0.822199096440658     
   3.60599500000000        1.20333166666667      -0.792316909264649     
   3.60599500000000        1.50366458333333      -0.775116950555304     
   3.60599500000000        1.80399750000000      -0.770531754693309     
   3.60599500000000        2.10433041666667      -0.772274537734752     
   3.60599500000000        2.40466333333333      -0.777108870668239     
   3.60599500000000        2.70499625000000      -0.783135932989942     
   3.60599500000000        3.00532916666667      -0.788886399513400     
   3.60599500000000        3.30566208333333      -0.793030855381053     
   3.60599500000000        3.60599500000000      -0.794543813569099     
   3.60599500000000        3.90632791666667      -0.793030710394999     
   3.60599500000000        4.20666083333333      -0.788886099182371     
   3.60599500000000        4.50699375000000      -0.783135467738737     
   3.60599500000000        4.80732666666667      -0.777108242625100     
   3.60599500000000        5.10765958333333      -0.772273757251639     
   3.60599500000000        5.40799250000000      -0.770530814855651     
   3.60599500000000        5.70832541666667      -0.775115778251814     
   3.60599500000000        6.00865833333333      -0.792315394099456     
   3.60599500000000        6.30899125000000      -0.822197481827660     
   3.60599500000000        6.60932416666667      -0.854091757701488     
   3.60599500000000        6.90965708333333      -0.869243113837959     
   3.60599500000000        7.20999000000000      -0.868668292086956     
   3.90632791666667       2.000000000000000E-003 -0.839074170133289     
   3.90632791666667       0.302332916666667      -0.852771627298990     
   3.90632791666667       0.602665833333333      -0.839712195635042     
   3.90632791666667       0.902998750000000      -0.811743484715213     
   3.90632791666667        1.20333166666667      -0.785407268687491     
   3.90632791666667        1.50366458333333      -0.770868425199768     
   3.90632791666667        1.80399750000000      -0.767378595842491     
   3.90632791666667        2.10433041666667      -0.769641039097060     
   3.90632791666667        2.40466333333333      -0.774818399961657     
   3.90632791666667        2.70499625000000      -0.781136717421978     
   3.90632791666667        3.00532916666667      -0.787136651728224     
   3.90632791666667        3.30566208333333      -0.791455048062910     
   3.90632791666667        3.60599500000000      -0.793030265219487     
   3.90632791666667        3.90632791666667      -0.791452921141038     
   3.90632791666667        4.20666083333333      -0.787132118427325     
   3.90632791666667        4.50699375000000      -0.781129567074045     
   3.90632791666667        4.80732666666667      -0.774808980688974     
   3.90632791666667        5.10765958333333      -0.769630651428677     
   3.90632791666667        5.40799250000000      -0.767369773125254     
   3.90632791666667        5.70832541666667      -0.770865599063100     
   3.90632791666667        6.00865833333333      -0.785419622479372     
   3.90632791666667        6.30899125000000      -0.811786194303551     
   3.90632791666667        6.60932416666667      -0.839795605692521     
   3.90632791666667        6.90965708333333      -0.852878113195496     
   3.90632791666667        7.20999000000000      -0.839138030396354     
   4.20666083333333       2.000000000000000E-003 -0.796444723521160     
   4.20666083333333       0.302332916666667      -0.810755503317523     
   4.20666083333333       0.602665833333333      -0.803446414313363     
   4.20666083333333       0.902998750000000      -0.785356995310444     
   4.20666083333333        1.20333166666667      -0.767941456029593     
   4.20666083333333        1.50366458333333      -0.759699512284678     
   4.20666083333333        1.80399750000000      -0.758846463921450     
   4.20666083333333        2.10433041666667      -0.762435070143174     
   4.20666083333333        2.40466333333333      -0.768528515136503     
   4.20666083333333        2.70499625000000      -0.775644038367073     
   4.20666083333333        3.00532916666667      -0.782333380199550     
   4.20666083333333        3.30566208333333      -0.787134429722993     
   4.20666083333333        3.60599500000000      -0.788883573439169     
   4.20666083333333        3.90632791666667      -0.787130071366819     
   4.20666083333333        4.20666083333333      -0.782323890842050     
   4.20666083333333        4.50699375000000      -0.775628648761773     
   4.20666083333333        4.80732666666667      -0.768507552155116     
   4.20666083333333        5.10765958333333      -0.762410801133671     
   4.20666083333333        5.40799250000000      -0.758823498336666     
   4.20666083333333        5.70832541666667      -0.759685302473797     
   4.20666083333333        6.00865833333333      -0.767948521398953     
   4.20666083333333        6.30899125000000      -0.785405797527887     
   4.20666083333333        6.60932416666667      -0.803546494135279     
   4.20666083333333        6.90965708333333      -0.810885389927406     
   4.20666083333333        7.20999000000000      -0.796550768219041     
   4.50699375000000       2.000000000000000E-003 -0.744145783144894     
   4.50699375000000       0.302332916666667      -0.760326779845378     
   4.50699375000000       0.602665833333333      -0.761226691587321     
   4.50699375000000       0.902998750000000      -0.753975984712409     
   4.50699375000000        1.20333166666667      -0.747290768033557     
   4.50699375000000        1.50366458333333      -0.745180472073422     
   4.50699375000000        1.80399750000000      -0.747234741728900     
   4.50699375000000        2.10433041666667      -0.752441430756890     
   4.50699375000000        2.40466333333333      -0.759749951397953     
   4.50699375000000        2.70499625000000      -0.767973098557785     
   4.50699375000000        3.00532916666667      -0.775638971004878     
   4.50699375000000        3.30566208333333      -0.781129211223989     
   4.50699375000000        3.60599500000000      -0.783127726683339     
   4.50699375000000        3.90632791666667      -0.781122438461677     
   4.50699375000000        4.20666083333333      -0.775623804478611     
   4.50699375000000        4.50699375000000      -0.767947641344170     
   4.50699375000000        4.80732666666667      -0.759713919357068     
   4.50699375000000        5.10765958333333      -0.752397552027588     
   4.50699375000000        5.40799250000000      -0.747189128197086     
   4.50699375000000        5.70832541666667      -0.745142294329940     
   4.50699375000000        6.00865833333333      -0.747272172667210     
   4.50699375000000        6.30899125000000      -0.753992577024448     
   4.50699375000000        6.60932416666667      -0.761288313195900     
   4.50699375000000        6.90965708333333      -0.760418010942192     
   4.50699375000000        7.20999000000000      -0.744234756897726     
   4.80732666666667       2.000000000000000E-003 -0.700758027046525     
   4.80732666666667       0.302332916666667      -0.718677218126527     
   4.80732666666667       0.602665833333333      -0.726164206473415     
   4.80732666666667       0.902998750000000      -0.728059246951125     
   4.80732666666667        1.20333166666667      -0.728785994369371     
   4.80732666666667        1.50366458333333      -0.730835441832217     
   4.80732666666667        1.80399750000000      -0.735136311298889     
   4.80732666666667        2.10433041666667      -0.741775807345700     
   4.80732666666667        2.40466333333333      -0.750310261237369     
   4.80732666666667        2.70499625000000      -0.759742271335689     
   4.80732666666667        3.00532916666667      -0.768515313058261     
   4.80732666666667        3.30566208333333      -0.774802202888515     
   4.80732666666667        3.60599500000000      -0.777091756954640     
   4.80732666666667        3.90632791666667      -0.774793373557799     
   4.80732666666667        4.20666083333333      -0.768494821417725     
   4.80732666666667        4.50699375000000      -0.759706505408855     
   4.80732666666667        4.80732666666667      -0.750257695344219     
   4.80732666666667        5.10765958333333      -0.741709061848752     
   4.80732666666667        5.40799250000000      -0.735062474324821     
   4.80732666666667        5.70832541666667      -0.730764884827750     
   4.80732666666667        6.00865833333333      -0.728730613240126     
   4.80732666666667        6.30899125000000      -0.728030490240913     
   4.80732666666667        6.60932416666667      -0.726169471660811     
   4.80732666666667        6.90965708333333      -0.718713477105144     
   4.80732666666667        7.20999000000000      -0.700810567550093     
   5.10765958333333       2.000000000000000E-003 -0.674304002989598     
   5.10765958333333       0.302332916666667      -0.693363463982395     
   5.10765958333333       0.602665833333333      -0.704778439859710     
   5.10765958333333       0.902998750000000      -0.710996994482052     
   5.10765958333333        1.20333166666667      -0.714973765651823     
   5.10765958333333        1.50366458333333      -0.719016443917597     
   5.10765958333333        1.80399750000000      -0.724535571856621     
   5.10765958333333        2.10433041666667      -0.732158582970930     
   5.10765958333333        2.40466333333333      -0.741767715250271     
   5.10765958333333        2.70499625000000      -0.752425241914386     
   5.10765958333333        3.00532916666667      -0.762412569483927     
   5.10765958333333        3.30566208333333      -0.769614778871186     
   5.10765958333333        3.60599500000000      -0.772247078764396     
   5.10765958333333        3.90632791666667      -0.769605187686302     
   5.10765958333333        4.20666083333333      -0.762389020121610     
   5.10765958333333        4.50699375000000      -0.752381903899057     
   5.10765958333333        4.80732666666667      -0.741701255303675     
   5.10765958333333        5.10765958333333      -0.732070887046048     
   5.10765958333333        5.40799250000000      -0.724433992683368     
   5.10765958333333        5.70832541666667      -0.718911981115701     
   5.10765958333333        6.00865833333333      -0.714878653685547     
   5.10765958333333        6.30899125000000      -0.710922842814255     
   5.10765958333333        6.60932416666667      -0.704734759924672     
   5.10765958333333        6.90965708333333      -0.693355665733058     
   5.10765958333333        7.20999000000000      -0.674328146919233     
   5.40799250000000       2.000000000000000E-003 -0.663435843833892     
   5.40799250000000       0.302332916666667      -0.682556511329236     
   5.40799250000000       0.602665833333333      -0.694691925026836     
   5.40799250000000       0.902998750000000      -0.701992409392110     
   5.40799250000000        1.20333166666667      -0.706651860066190     
   5.40799250000000        1.50366458333333      -0.710766401766714     
   5.40799250000000        1.80399750000000      -0.716415011904612     
   5.40799250000000        2.10433041666667      -0.724529816877677     
   5.40799250000000        2.40466333333333      -0.735122412960277     
   5.40799250000000        2.70499625000000      -0.747212402578411     
   5.40799250000000        3.00532916666667      -0.758817221502960     
   5.40799250000000        3.30566208333333      -0.767345052092596     
   5.40799250000000        3.60599500000000      -0.770496835864516     
   5.40799250000000        3.90632791666667      -0.767337240747703     
   5.40799250000000        4.20666083333333      -0.758795224595223     
   5.40799250000000        4.50699375000000      -0.747167595347716     
   5.40799250000000        4.80732666666667      -0.735049132761981     
   5.40799250000000        5.10765958333333      -0.724428508596786     
   5.40799250000000        5.40799250000000      -0.716292101261356     
   5.40799250000000        5.70832541666667      -0.710631886858403     
   5.40799250000000        6.00865833333333      -0.706518123728758     
   5.40799250000000        6.30899125000000      -0.701879511563375     
   5.40799250000000        6.60932416666667      -0.694617334579500     
   5.40799250000000        6.90965708333333      -0.682528202519545     
   5.40799250000000        7.20999000000000      -0.663451870863122     
   5.70832541666667       2.000000000000000E-003 -0.664797169948820     
   5.70832541666667       0.302332916666667      -0.682695736658413     
   5.70832541666667       0.602665833333333      -0.692783740288305     
   5.70832541666667       0.902998750000000      -0.698572719112372     
   5.70832541666667        1.20333166666667      -0.702436489241977     
   5.70832541666667        1.50366458333333      -0.705900197624187     
   5.70832541666667        1.80399750000000      -0.710764589213762     
   5.70832541666667        2.10433041666667      -0.719009112800150     
   5.70832541666667        2.40466333333333      -0.730820404065102     
   5.70832541666667        2.70499625000000      -0.745157438025011     
   5.70832541666667        3.00532916666667      -0.759669967060847     
   5.70832541666667        3.30566208333333      -0.770834930238196     
   5.70832541666667        3.60599500000000      -0.775082300811272     
   5.70832541666667        3.90632791666667      -0.770833411953384     
   5.70832541666667        4.20666083333333      -0.759657026951731     
   5.70832541666667        4.50699375000000      -0.745120341231250     
   5.70832541666667        4.80732666666667      -0.730750650229614     
   5.70832541666667        5.10765958333333      -0.718905147123742     
   5.70832541666667        5.40799250000000      -0.710630288970154     
   5.70832541666667        5.70832541666667      -0.705743982036670     
   5.70832541666667        6.00865833333333      -0.702281464395350     
   5.70832541666667        6.30899125000000      -0.698444409884425     
   5.70832541666667        6.60932416666667      -0.692701476270075     
   5.70832541666667        6.90965708333333      -0.682668196167141     
   5.70832541666667        7.20999000000000      -0.664820670599769     
   6.00865833333333       2.000000000000000E-003 -0.677512427325239     
   6.00865833333333       0.302332916666667      -0.691825454557941     
   6.00865833333333       0.602665833333333      -0.696213432608521     
   6.00865833333333       0.902998750000000      -0.698267174037746     
   6.00865833333333        1.20333166666667      -0.700125431619465     
   6.00865833333333        1.50366458333333      -0.702438432045115     
   6.00865833333333        1.80399750000000      -0.706652454136219     
   6.00865833333333        2.10433041666667      -0.714969407449901     
   6.00865833333333        2.40466333333333      -0.728775209883491     
   6.00865833333333        2.70499625000000      -0.747273793103259     
   6.00865833333333        3.00532916666667      -0.767920164207329     
   6.00865833333333        3.30566208333333      -0.785384296314746     
   6.00865833333333        3.60599500000000      -0.792294058757840     
   6.00865833333333        3.90632791666667      -0.785398502780634     
   6.00865833333333        4.20666083333333      -0.767928973305379     
   6.00865833333333        4.50699375000000      -0.747256614701054     
   6.00865833333333        4.80732666666667      -0.728720862344879     
   6.00865833333333        5.10765958333333      -0.714874959298535     
   6.00865833333333        5.40799250000000      -0.706519069372905     
   6.00865833333333        5.70832541666667      -0.702283548115253     
   6.00865833333333        6.00865833333333      -0.699976339581140     
   6.00865833333333        6.30899125000000      -0.698149531143055     
   6.00865833333333        6.60932416666667      -0.696146166561267     
   6.00865833333333        6.90965708333333      -0.691816071038958     
   6.00865833333333        7.20999000000000      -0.677554523366460     
   6.30899125000000       2.000000000000000E-003 -0.702241639720329     
   6.30899125000000       0.302332916666667      -0.707494730542897     
   6.30899125000000       0.602665833333333      -0.701713792533671     
   6.30899125000000       0.902998750000000      -0.699147624856043     
   6.30899125000000        1.20333166666667      -0.698270539147685     
   6.30899125000000        1.50366458333333      -0.698578296855454     
   6.30899125000000        1.80399750000000      -0.701997612262335     
   6.30899125000000        2.10433041666667      -0.710998700916107     
   6.30899125000000        2.40466333333333      -0.728056603572073     
   6.30899125000000        2.70499625000000      -0.753970389138299     
   6.30899125000000        3.00532916666667      -0.785351988831513     
   6.30899125000000        3.30566208333333      -0.811742350560951     
   6.30899125000000        3.60599500000000      -0.822200882709842     
   6.30899125000000        3.90632791666667      -0.811787234226200     
   6.30899125000000        4.20666083333333      -0.785403021465814     
   6.30899125000000        4.50699375000000      -0.753988846262440     
   6.30899125000000        4.80732666666667      -0.728029095193528     
   6.30899125000000        5.10765958333333      -0.710925307040072     
   6.30899125000000        5.40799250000000      -0.701885126312038     
   6.30899125000000        5.70832541666667      -0.698450212438402     
   6.30899125000000        6.00865833333333      -0.698153006538129     
   6.30899125000000        6.30899125000000      -0.699063225798563     
   6.30899125000000        6.60932416666667      -0.701676400313005     
   6.30899125000000        6.90965708333333      -0.707509765573883     
   6.30899125000000        7.20999000000000      -0.702304554604626     
   6.60932416666667       2.000000000000000E-003 -0.735424192778172     
   6.60932416666667       0.302332916666667      -0.722556338756023     
   6.60932416666667       0.602665833333333      -0.707458025829043     
   6.60932416666667       0.902998750000000      -0.701716306648826     
   6.60932416666667        1.20333166666667      -0.696219478192414     
   6.60932416666667        1.50366458333333      -0.692792364757847     
   6.60932416666667        1.80399750000000      -0.694701257079638     
   6.60932416666667        2.10433041666667      -0.704786511888329     
   6.60932416666667        2.40466333333333      -0.726170419715375     
   6.60932416666667        2.70499625000000      -0.761233849121504     
   6.60932416666667        3.00532916666667      -0.803459635727911     
   6.60932416666667        3.30566208333333      -0.839736021478387     
   6.60932416666667        3.60599500000000      -0.854123856298827     
   6.60932416666667        3.90632791666667      -0.839821626289165     
   6.60932416666667        4.20666083333333      -0.803562065108531     
   6.60932416666667        4.50699375000000      -0.761297542042859     
   6.60932416666667        4.80732666666667      -0.726177079463459     
   6.60932416666667        5.10765958333333      -0.704743594641412     
   6.60932416666667        5.40799250000000      -0.694627054936654     
   6.60932416666667        5.70832541666667      -0.692710274612871     
   6.60932416666667        6.00865833333333      -0.696152337123627     
   6.60932416666667        6.30899125000000      -0.701679073877382     
   6.60932416666667        6.60932416666667      -0.707451552945904     
   6.60932416666667        6.90965708333333      -0.722583385634364     
   6.60932416666667        7.20999000000000      -0.735501559895746     
   6.90965708333333       2.000000000000000E-003 -0.749153738569698     
   6.90965708333333       0.302332916666667      -0.730364592278763     
   6.90965708333333       0.602665833333333      -0.722555601531858     
   6.90965708333333       0.902998750000000      -0.707497919942713     
   6.90965708333333        1.20333166666667      -0.691832433855486     
   6.90965708333333        1.50366458333333      -0.682705464121384     
   6.90965708333333        1.80399750000000      -0.682567893339891     
   6.90965708333333        2.10433041666667      -0.693375456258170     
   6.90965708333333        2.40466333333333      -0.718689719362893     
   6.90965708333333        2.70499625000000      -0.760342443541689     
   6.90965708333333        3.00532916666667      -0.810779399049772     
   6.90965708333333        3.30566208333333      -0.852808205261481     
   6.90965708333333        3.60599500000000      -0.869289066051464     
   6.90965708333333        3.90632791666667      -0.852916351052220     
   6.90965708333333        4.20666083333333      -0.810911215018137     
   6.90965708333333        4.50699375000000      -0.760435623969904     
   6.90965708333333        4.80732666666667      -0.718727321227635     
   6.90965708333333        5.10765958333333      -0.693368294660915     
   6.90965708333333        5.40799250000000      -0.682539818269574     
   6.90965708333333        5.70832541666667      -0.682677883802866     
   6.90965708333333        6.00865833333333      -0.691822805252458     
   6.90965708333333        6.30899125000000      -0.707512804963609     
   6.90965708333333        6.60932416666667      -0.722583169449191     
   6.90965708333333        6.90965708333333      -0.730408929914434     
   6.90965708333333        7.20999000000000      -0.749265340603352     
   7.20999000000000       2.000000000000000E-003 -0.729148791234569     
   7.20999000000000       0.302332916666667      -0.749152069457830     
   7.20999000000000       0.602665833333333      -0.735424836925011     
   7.20999000000000       0.902998750000000      -0.702245455686044     
   7.20999000000000        1.20333166666667      -0.677519228277531     
   7.20999000000000        1.50366458333333      -0.664806412453506     
   7.20999000000000        1.80399750000000      -0.663447032169405     
   7.20999000000000        2.10433041666667      -0.674316793063825     
   7.20999000000000        2.40466333333333      -0.700772638730328     
   7.20999000000000        2.70499625000000      -0.744164117790783     
   7.20999000000000        3.00532916666667      -0.796470283685286     
   7.20999000000000        3.30566208333333      -0.839109192178079     
   7.20999000000000        3.60599500000000      -0.868704885164876     
   7.20999000000000        3.90632791666667      -0.839173959647437     
   7.20999000000000        4.20666083333333      -0.796577826634235     
   7.20999000000000        4.50699375000000      -0.744254504463242     
   7.20999000000000        4.80732666666667      -0.700826143220591     
   7.20999000000000        5.10765958333333      -0.674341303806352     
   7.20999000000000        5.40799250000000      -0.663463019291469     
   7.20999000000000        5.70832541666667      -0.664829497508248     
   7.20999000000000        6.00865833333333      -0.677560427490248     
   7.20999000000000        6.30899125000000      -0.702306971345685     
   7.20999000000000        6.60932416666667      -0.735500613382211     
   7.20999000000000        6.90965708333333      -0.749263739768402     
   7.20999000000000        7.20999000000000      -0.729287192070776     
