  2.000000000000000E-003  2.000000000000000E-003  -1.22667893699826     
  2.000000000000000E-003  0.302332916666667       -1.23547691222715     
  2.000000000000000E-003  0.602665833333333       -1.18464284699475     
  2.000000000000000E-003  0.902998750000000       -1.10396526175247     
  2.000000000000000E-003   1.20333166666667       -1.03439493469684     
  2.000000000000000E-003   1.50366458333333      -0.980084825861435     
  2.000000000000000E-003   1.80399750000000      -0.938671962712901     
  2.000000000000000E-003   2.10433041666667      -0.909453622624047     
  2.000000000000000E-003   2.40466333333333      -0.893920672493650     
  2.000000000000000E-003   2.70499625000000      -0.892427504388272     
  2.000000000000000E-003   3.00532916666667      -0.899076640843363     
  2.000000000000000E-003   3.30566208333333      -0.900679397989968     
  2.000000000000000E-003   3.60599500000000      -0.896262824668916     
  2.000000000000000E-003   3.90632791666667      -0.846897476979461     
  2.000000000000000E-003   4.20666083333333      -0.793143167032984     
  2.000000000000000E-003   4.50699375000000      -0.739268914062397     
  2.000000000000000E-003   4.80732666666667      -0.694151925278742     
  2.000000000000000E-003   5.10765958333333      -0.661122233377847     
  2.000000000000000E-003   5.40799250000000      -0.638580482957088     
  2.000000000000000E-003   5.70832541666667      -0.624041403747816     
  2.000000000000000E-003   6.00865833333333      -0.616740683825277     
  2.000000000000000E-003   6.30899125000000      -0.617148451221140     
  2.000000000000000E-003   6.60932416666667      -0.624135410792439     
  2.000000000000000E-003   6.90965708333333      -0.624599489227291     
  2.000000000000000E-003   7.20999000000000      -0.608960242487222     
  0.302332916666667       2.000000000000000E-003  -1.30346953886061     
  0.302332916666667       0.302332916666667       -1.24522249748794     
  0.302332916666667       0.602665833333333       -1.19438343877626     
  0.302332916666667       0.902998750000000       -1.13564512576892     
  0.302332916666667        1.20333166666667       -1.07551998346544     
  0.302332916666667        1.50366458333333       -1.02264941285223     
  0.302332916666667        1.80399750000000      -0.979183301518888     
  0.302332916666667        2.10433041666667      -0.946193064819480     
  0.302332916666667        2.40466333333333      -0.925923449573492     
  0.302332916666667        2.70499625000000      -0.919717215108182     
  0.302332916666667        3.00532916666667      -0.922467377769037     
  0.302332916666667        3.30566208333333      -0.922116631141249     
  0.302332916666667        3.60599500000000      -0.905063008660958     
  0.302332916666667        3.90632791666667      -0.862745720515443     
  0.302332916666667        4.20666083333333      -0.807207335964777     
  0.302332916666667        4.50699375000000      -0.752440895168355     
  0.302332916666667        4.80732666666667      -0.707009503891431     
  0.302332916666667        5.10765958333333      -0.673641226582192     
  0.302332916666667        5.40799250000000      -0.650330542327250     
  0.302332916666667        5.70832541666667      -0.634538435094369     
  0.302332916666667        6.00865833333333      -0.625158583974936     
  0.302332916666667        6.30899125000000      -0.621556722385741     
  0.302332916666667        6.60932416666667      -0.621379918323008     
  0.302332916666667        6.90965708333333      -0.619312253390223     
  0.302332916666667        7.20999000000000      -0.615634269131839     
  0.602665833333333       2.000000000000000E-003  -1.32874864062423     
  0.602665833333333       0.302332916666667       -1.27627884472911     
  0.602665833333333       0.602665833333333       -1.20843701395737     
  0.602665833333333       0.902998750000000       -1.15688694862693     
  0.602665833333333        1.20333166666667       -1.10677062074129     
  0.602665833333333        1.50366458333333       -1.05809264785620     
  0.602665833333333        1.80399750000000       -1.01397274573350     
  0.602665833333333        2.10433041666667      -0.977122819436200     
  0.602665833333333        2.40466333333333      -0.950296034066681     
  0.602665833333333        2.70499625000000      -0.935705360700138     
  0.602665833333333        3.00532916666667      -0.929494930325685     
  0.602665833333333        3.30566208333333      -0.922166075805658     
  0.602665833333333        3.60599500000000      -0.900531187090224     
  0.602665833333333        3.90632791666667      -0.859044359870123     
  0.602665833333333        4.20666083333333      -0.806345328262722     
  0.602665833333333        4.50699375000000      -0.755164515441585     
  0.602665833333333        4.80732666666667      -0.712563145820185     
  0.602665833333333        5.10765958333333      -0.680658768485642     
  0.602665833333333        5.40799250000000      -0.657251644691110     
  0.602665833333333        5.70832541666667      -0.640129769754828     
  0.602665833333333        6.00865833333333      -0.627879370486759     
  0.602665833333333        6.30899125000000      -0.619339920942772     
  0.602665833333333        6.60932416666667      -0.613562937282756     
  0.602665833333333        6.90965708333333      -0.611413262036083     
  0.602665833333333        7.20999000000000      -0.605070430182881     
  0.902998750000000       2.000000000000000E-003  -1.31841159761676     
  0.902998750000000       0.302332916666667       -1.29207460053228     
  0.902998750000000       0.602665833333333       -1.23872247780665     
  0.902998750000000       0.902998750000000       -1.18810828827634     
  0.902998750000000        1.20333166666667       -1.13958335292441     
  0.902998750000000        1.50366458333333       -1.09131782291474     
  0.902998750000000        1.80399750000000       -1.04507414331491     
  0.902998750000000        2.10433041666667       -1.00363859886409     
  0.902998750000000        2.40466333333333      -0.969675857008854     
  0.902998750000000        2.70499625000000      -0.944378651563002     
  0.902998750000000        3.00532916666667      -0.926056122189747     
  0.902998750000000        3.30566208333333      -0.907473832326148     
  0.902998750000000        3.60599500000000      -0.880261743796591     
  0.902998750000000        3.90632791666667      -0.841191001392587     
  0.902998750000000        4.20666083333333      -0.795310516059195     
  0.902998750000000        4.50699375000000      -0.750779487047096     
  0.902998750000000        4.80732666666667      -0.713233749300986     
  0.902998750000000        5.10765958333333      -0.683538273641986     
  0.902998750000000        5.40799250000000      -0.660545623187526     
  0.902998750000000        5.70832541666667      -0.642555665134334     
  0.902998750000000        6.00865833333333      -0.628313259423497     
  0.902998750000000        6.30899125000000      -0.616903110230712     
  0.902998750000000        6.60932416666667      -0.607904970845469     
  0.902998750000000        6.90965708333333      -0.600318617052429     
  0.902998750000000        7.20999000000000      -0.587479315402293     
   1.20333166666667       2.000000000000000E-003  -1.33133724213935     
   1.20333166666667       0.302332916666667       -1.31741887535441     
   1.20333166666667       0.602665833333333       -1.27823226368653     
   1.20333166666667       0.902998750000000       -1.23004883931963     
   1.20333166666667        1.20333166666667       -1.17882335114924     
   1.20333166666667        1.50366458333333       -1.12641237048639     
   1.20333166666667        1.80399750000000       -1.07520580136726     
   1.20333166666667        2.10433041666667       -1.02810147616035     
   1.20333166666667        2.40466333333333      -0.987005888375183     
   1.20333166666667        2.70499625000000      -0.952031544210740     
   1.20333166666667        3.00532916666667      -0.921769254818497     
   1.20333166666667        3.30566208333333      -0.892836717844343     
   1.20333166666667        3.60599500000000      -0.860433982742474     
   1.20333166666667        3.90632791666667      -0.822812641371164     
   1.20333166666667        4.20666083333333      -0.782732502512879     
   1.20333166666667        4.50699375000000      -0.744873594725724     
   1.20333166666667        4.80732666666667      -0.711780414166741     
   1.20333166666667        5.10765958333333      -0.684099169881711     
   1.20333166666667        5.40799250000000      -0.661592220679369     
   1.20333166666667        5.70832541666667      -0.643226272192008     
   1.20333166666667        6.00865833333333      -0.627895167806705     
   1.20333166666667        6.30899125000000      -0.614770860667347     
   1.20333166666667        6.60932416666667      -0.603014694226463     
   1.20333166666667        6.90965708333333      -0.590868800067276     
   1.20333166666667        7.20999000000000      -0.574741735332410     
   1.50366458333333       2.000000000000000E-003  -1.38446938152203     
   1.50366458333333       0.302332916666667       -1.37391677166976     
   1.50366458333333       0.602665833333333       -1.33832232510563     
   1.50366458333333       0.902998750000000       -1.28730710750197     
   1.50366458333333        1.20333166666667       -1.22852582648756     
   1.50366458333333        1.50366458333333       -1.16722315622000     
   1.50366458333333        1.80399750000000       -1.10759674944439     
   1.50366458333333        2.10433041666667       -1.05281509363816     
   1.50366458333333        2.40466333333333       -1.00432156498906     
   1.50366458333333        2.70499625000000      -0.961649659007265     
   1.50366458333333        3.00532916666667      -0.923083756836812     
   1.50366458333333        3.30566208333333      -0.886342771631383     
   1.50366458333333        3.60599500000000      -0.849465970218138     
   1.50366458333333        3.90632791666667      -0.811949858240653     
   1.50366458333333        4.20666083333333      -0.775063034719103     
   1.50366458333333        4.50699375000000      -0.740704977510681     
   1.50366458333333        4.80732666666667      -0.710170344552096     
   1.50366458333333        5.10765958333333      -0.683885149152489     
   1.50366458333333        5.40799250000000      -0.661712113172549     
   1.50366458333333        5.70832541666667      -0.643169302478830     
   1.50366458333333        6.00865833333333      -0.627284318372467     
   1.50366458333333        6.30899125000000      -0.613122943268084     
   1.50366458333333        6.60932416666667      -0.599573335240995     
   1.50366458333333        6.90965708333333      -0.585018131318609     
   1.50366458333333        7.20999000000000      -0.567551908251928     
   1.80399750000000       2.000000000000000E-003  -1.48713859103679     
   1.80399750000000       0.302332916666667       -1.47445967779575     
   1.80399750000000       0.602665833333333       -1.43179326488872     
   1.80399750000000       0.902998750000000       -1.36834425415431     
   1.80399750000000        1.20333166666667       -1.29427613647068     
   1.80399750000000        1.50366458333333       -1.21782136812238     
   1.80399750000000        1.80399750000000       -1.14495117170887     
   1.80399750000000        2.10433041666667       -1.07961055218841     
   1.80399750000000        2.40466333333333       -1.02280457588985     
   1.80399750000000        2.70499625000000      -0.973319097652273     
   1.80399750000000        3.00532916666667      -0.928877647484749     
   1.80399750000000        3.30566208333333      -0.887267859195359     
   1.80399750000000        3.60599500000000      -0.847169349658005     
   1.80399750000000        3.90632791666667      -0.808483766971219     
   1.80399750000000        4.20666083333333      -0.772033026482866     
   1.80399750000000        4.50699375000000      -0.738822988429632     
   1.80399750000000        4.80732666666667      -0.709440028936516     
   1.80399750000000        5.10765958333333      -0.683938791874237     
   1.80399750000000        5.40799250000000      -0.662052177006111     
   1.80399750000000        5.70832541666667      -0.643364338096142     
   1.80399750000000        6.00865833333333      -0.627267535463229     
   1.80399750000000        6.30899125000000      -0.612733510393391     
   1.80399750000000        6.60932416666667      -0.598478179473799     
   1.80399750000000        6.90965708333333      -0.583029531437985     
   1.80399750000000        7.20999000000000      -0.565080219518009     
   2.10433041666667       2.000000000000000E-003  -1.65364997240445     
   2.10433041666667       0.302332916666667       -1.63347861595250     
   2.10433041666667       0.602665833333333       -1.57082509997009     
   2.10433041666667       0.902998750000000       -1.48123199100618     
   2.10433041666667        1.20333166666667       -1.38016338080153     
   2.10433041666667        1.50366458333333       -1.27999558669124     
   2.10433041666667        1.80399750000000       -1.18858436834512     
   2.10433041666667        2.10433041666667       -1.10953866970100     
   2.10433041666667        2.40466333333333       -1.04298027332373     
   2.10433041666667        2.70499625000000      -0.986643268292002     
   2.10433041666667        3.00532916666667      -0.937285776044579     
   2.10433041666667        3.30566208333333      -0.892072736030712     
   2.10433041666667        3.60599500000000      -0.849457572513996     
   2.10433041666667        3.90632791666667      -0.809286907865229     
   2.10433041666667        4.20666083333333      -0.772237837009058     
   2.10433041666667        4.50699375000000      -0.739036682030836     
   2.10433041666667        4.80732666666667      -0.709960961280709     
   2.10433041666667        5.10765958333333      -0.684822141502002     
   2.10433041666667        5.40799250000000      -0.663225911754160     
   2.10433041666667        5.70832541666667      -0.644753654325503     
   2.10433041666667        6.00865833333333      -0.628874975224250     
   2.10433041666667        6.30899125000000      -0.614688747307068     
   2.10433041666667        6.60932416666667      -0.600775251469787     
   2.10433041666667        6.90965708333333      -0.585457912693170     
   2.10433041666667        7.20999000000000      -0.567474031509565     
   2.40466333333333       2.000000000000000E-003  -1.91081747829770     
   2.40466333333333       0.302332916666667       -1.87360545336425     
   2.40466333333333       0.602665833333333       -1.76815425309066     
   2.40466333333333       0.902998750000000       -1.62943161963717     
   2.40466333333333        1.20333166666667       -1.48584527907997     
   2.40466333333333        1.50366458333333       -1.35306625921818     
   2.40466333333333        1.80399750000000       -1.23796329486103     
   2.40466333333333        2.10433041666667       -1.14230926094168     
   2.40466333333333        2.40466333333333       -1.06454553420963     
   2.40466333333333        2.70499625000000       -1.00093425754482     
   2.40466333333333        3.00532916666667      -0.946941752133588     
   2.40466333333333        3.30566208333333      -0.898712451735289     
   2.40466333333333        3.60599500000000      -0.854043155847342     
   2.40466333333333        3.90632791666667      -0.812456612527344     
   2.40466333333333        4.20666083333333      -0.774501668815464     
   2.40466333333333        4.50699375000000      -0.740833514071348     
   2.40466333333333        4.80732666666667      -0.711646251822223     
   2.40466333333333        5.10765958333333      -0.686663595620693     
   2.40466333333333        5.40799250000000      -0.665454949892988     
   2.40466333333333        5.70832541666667      -0.647663605500703     
   2.40466333333333        6.00865833333333      -0.632887290482378     
   2.40466333333333        6.30899125000000      -0.620253570592899     
   2.40466333333333        6.60932416666667      -0.608016272227198     
   2.40466333333333        6.90965708333333      -0.593823456086405     
   2.40466333333333        7.20999000000000      -0.576043054423340     
   2.70499625000000       2.000000000000000E-003  -2.25871363673381     
   2.70499625000000       0.302332916666667       -2.19855631723750     
   2.70499625000000       0.602665833333333       -2.03275112490962     
   2.70499625000000       0.902998750000000       -1.81585520774179     
   2.70499625000000        1.20333166666667       -1.60782665393505     
   2.70499625000000        1.50366458333333       -1.43259183349113     
   2.70499625000000        1.80399750000000       -1.28967405694579     
   2.70499625000000        2.10433041666667       -1.17570425317655     
   2.70499625000000        2.40466333333333       -1.08605784816060     
   2.70499625000000        2.70499625000000       -1.01502602375449     
   2.70499625000000        3.00532916666667      -0.956589302337318     
   2.70499625000000        3.30566208333333      -0.905714461414243     
   2.70499625000000        3.60599500000000      -0.859361138265718     
   2.70499625000000        3.90632791666667      -0.816581434566736     
   2.70499625000000        4.20666083333333      -0.777748951652383     
   2.70499625000000        4.50699375000000      -0.743503575284022     
   2.70499625000000        4.80732666666667      -0.714067075105616     
   2.70499625000000        5.10765958333333      -0.689194913485925     
   2.70499625000000        5.40799250000000      -0.668534866003030     
   2.70499625000000        5.70832541666667      -0.651933110271849     
   2.70499625000000        6.00865833333333      -0.639346168516320     
   2.70499625000000        6.30899125000000      -0.630221401244813     
   2.70499625000000        6.60932416666667      -0.621744443379144     
   2.70499625000000        6.90965708333333      -0.609613382249126     
   2.70499625000000        7.20999000000000      -0.592011751370568     
   3.00532916666667       2.000000000000000E-003  -2.63752752299703     
   3.00532916666667       0.302332916666667       -2.55371387868204     
   3.00532916666667       0.602665833333333       -2.32083759990695     
   3.00532916666667       0.902998750000000       -2.02022860267864     
   3.00532916666667        1.20333166666667       -1.73306621849265     
   3.00532916666667        1.50366458333333       -1.50840753589816     
   3.00532916666667        1.80399750000000       -1.33696761683262     
   3.00532916666667        2.10433041666667       -1.20551426635757     
   3.00532916666667        2.40466333333333       -1.10493148111443     
   3.00532916666667        2.70499625000000       -1.02722034030675     
   3.00532916666667        3.00532916666667      -0.964898025298223     
   3.00532916666667        3.30566208333333      -0.911830475570488     
   3.00532916666667        3.60599500000000      -0.864173073093266     
   3.00532916666667        3.90632791666667      -0.820494184991895     
   3.00532916666667        4.20666083333333      -0.780971127753922     
   3.00532916666667        4.50699375000000      -0.746232965068677     
   3.00532916666667        4.80732666666667      -0.716567977683565     
   3.00532916666667        5.10765958333333      -0.691827660622372     
   3.00532916666667        5.40799250000000      -0.671827175598194     
   3.00532916666667        5.70832541666667      -0.656784273571601     
   3.00532916666667        6.00865833333333      -0.647464895898601     
   3.00532916666667        6.30899125000000      -0.643876370881655     
   3.00532916666667        6.60932416666667      -0.640704798058799     
   3.00532916666667        6.90965708333333      -0.631255171014579     
   3.00532916666667        7.20999000000000      -0.613266108105506     
   3.30566208333333       2.000000000000000E-003  -2.92023781577090     
   3.30566208333333       0.302332916666667       -2.82679385224425     
   3.30566208333333       0.602665833333333       -2.55226798748711     
   3.30566208333333       0.902998750000000       -2.18259360626125     
   3.30566208333333        1.20333166666667       -1.83356209944444     
   3.30566208333333        1.50366458333333       -1.56487356074946     
   3.30566208333333        1.80399750000000       -1.37086360291031     
   3.30566208333333        2.10433041666667       -1.22645893085161     
   3.30566208333333        2.40466333333333       -1.11802601695596     
   3.30566208333333        2.70499625000000       -1.03558954428486     
   3.30566208333333        3.00532916666667      -0.970554432159491     
   3.30566208333333        3.30566208333333      -0.915997244905907     
   3.30566208333333        3.60599500000000      -0.867494994770598     
   3.30566208333333        3.90632791666667      -0.823255481205955     
   3.30566208333333        4.20666083333333      -0.783299893815583     
   3.30566208333333        4.50699375000000      -0.748244686867295     
   3.30566208333333        4.80732666666667      -0.718436806243451     
   3.30566208333333        5.10765958333333      -0.693824091294948     
   3.30566208333333        5.40799250000000      -0.674397516810744     
   3.30566208333333        5.70832541666667      -0.660796418180412     
   3.30566208333333        6.00865833333333      -0.654929620269489     
   3.30566208333333        6.30899125000000      -0.656667784599717     
   3.30566208333333        6.60932416666667      -0.659543760063647     
   3.30566208333333        6.90965708333333      -0.652833984602040     
   3.30566208333333        7.20999000000000      -0.633835593648549     
   3.60599500000000       2.000000000000000E-003  -3.11108959955856     
   3.60599500000000       0.302332916666667       -2.92606371692174     
   3.60599500000000       0.602665833333333       -2.63980461085711     
   3.60599500000000       0.902998750000000       -2.24493630447354     
   3.60599500000000        1.20333166666667       -1.87225832755036     
   3.60599500000000        1.50366458333333       -1.58603191420675     
   3.60599500000000        1.80399750000000       -1.38326449954496     
   3.60599500000000        2.10433041666667       -1.23403160949463     
   3.60599500000000        2.40466333333333       -1.12272569067406     
   3.60599500000000        2.70499625000000       -1.03857241640466     
   3.60599500000000        3.00532916666667      -0.972556300284118     
   3.60599500000000        3.30566208333333      -0.917466023522668     
   3.60599500000000        3.60599500000000      -0.868668206321370     
   3.60599500000000        3.90632791666667      -0.824237384786855     
   3.60599500000000        4.20666083333333      -0.784135169430741     
   3.60599500000000        4.50699375000000      -0.748972122887668     
   3.60599500000000        4.80732666666667      -0.719117968978462     
   3.60599500000000        5.10765958333333      -0.694560536153483     
   3.60599500000000        5.40799250000000      -0.675367219207701     
   3.60599500000000        5.70832541666667      -0.662373217451177     
   3.60599500000000        6.00865833333333      -0.658015413149617     
   3.60599500000000        6.30899125000000      -0.662091110061557     
   3.60599500000000        6.60932416666667      -0.667992936033199     
   3.60599500000000        6.90965708333333      -0.663555213799121     
   3.60599500000000        7.20999000000000      -0.651311872213198     
   3.90632791666667       2.000000000000000E-003  -2.92023039173065     
   3.90632791666667       0.302332916666667       -2.82666861018898     
   3.90632791666667       0.602665833333333       -2.55216109219823     
   3.90632791666667       0.902998750000000       -2.18253679547128     
   3.90632791666667        1.20333166666667       -1.83354010165993     
   3.90632791666667        1.50366458333333       -1.56486511342262     
   3.90632791666667        1.80399750000000       -1.37085668272430     
   3.90632791666667        2.10433041666667       -1.22644825852172     
   3.90632791666667        2.40466333333333       -1.11800927544912     
   3.90632791666667        2.70499625000000       -1.03556628766389     
   3.90632791666667        3.00532916666667      -0.970525427362132     
   3.90632791666667        3.30566208333333      -0.915963838985386     
   3.90632791666667        3.60599500000000      -0.867458596949270     
   3.90632791666667        3.90632791666667      -0.823217303020385     
   3.90632791666667        4.20666083333333      -0.783260960603055     
   3.90632791666667        4.50699375000000      -0.748205995685833     
   3.90632791666667        4.80732666666667      -0.718399474593425     
   3.90632791666667        5.10765958333333      -0.693789431540270     
   3.90632791666667        5.40799250000000      -0.674367118195924     
   3.90632791666667        5.70832541666667      -0.660772479350589     
   3.90632791666667        6.00865833333333      -0.654916100813637     
   3.90632791666667        6.30899125000000      -0.656670173212265     
   3.90632791666667        6.60932416666667      -0.659564757134440     
   3.90632791666667        6.90965708333333      -0.652868816616352     
   3.90632791666667        7.20999000000000      -0.633872278634773     
   4.20666083333333       2.000000000000000E-003  -2.63751491510440     
   4.20666083333333       0.302332916666667       -2.55360062190414     
   4.20666083333333       0.602665833333333       -2.32072577824947     
   4.20666083333333       0.902998750000000       -2.02016570801493     
   4.20666083333333        1.20333166666667       -1.73304375471690     
   4.20666083333333        1.50366458333333       -1.50839943639236     
   4.20666083333333        1.80399750000000       -1.33695816210070     
   4.20666083333333        2.10433041666667       -1.20549502311631     
   4.20666083333333        2.40466333333333       -1.10489873521215     
   4.20666083333333        2.70499625000000       -1.02717394096488     
   4.20666083333333        3.00532916666667      -0.964840102347116     
   4.20666083333333        3.30566208333333      -0.911763971049144     
   4.20666083333333        3.60599500000000      -0.864100594276584     
   4.20666083333333        3.90632791666667      -0.820417598680667     
   4.20666083333333        4.20666083333333      -0.780891874575178     
   4.20666083333333        4.50699375000000      -0.746152675232386     
   4.20666083333333        4.80732666666667      -0.716488906748205     
   4.20666083333333        5.10765958333333      -0.691752744128962     
   4.20666083333333        5.40799250000000      -0.671759899325832     
   4.20666083333333        5.70832541666667      -0.656728848059886     
   4.20666083333333        6.00865833333333      -0.647427468838319     
   4.20666083333333        6.30899125000000      -0.643866362881654     
   4.20666083333333        6.60932416666667      -0.640726630390635     
   4.20666083333333        6.90965708333333      -0.631303953467669     
   4.20666083333333        7.20999000000000      -0.613325938631542     
   4.50699375000000       2.000000000000000E-003  -2.25869755040856     
   4.50699375000000       0.302332916666667       -2.19849411912743     
   4.50699375000000       0.602665833333333       -2.03268986592238     
   4.50699375000000       0.902998750000000       -1.81582638418346     
   4.50699375000000        1.20333166666667       -1.60782258211395     
   4.50699375000000        1.50366458333333       -1.43259374702296     
   4.50699375000000        1.80399750000000       -1.28966681624334     
   4.50699375000000        2.10433041666667       -1.17567807096961     
   4.50699375000000        2.40466333333333       -1.08600885606916     
   4.50699375000000        2.70499625000000       -1.01495559701255     
   4.50699375000000        3.00532916666667      -0.956501944288986     
   4.50699375000000        3.30566208333333      -0.905615087119037     
   4.50699375000000        3.60599500000000      -0.859253108656706     
   4.50699375000000        3.90632791666667      -0.816466236615846     
   4.50699375000000        4.20666083333333      -0.777627357398973     
   4.50699375000000        4.50699375000000      -0.743377241000338     
   4.50699375000000        4.80732666666667      -0.713939468899250     
   4.50699375000000        5.10765958333333      -0.689071144014710     
   4.50699375000000        5.40799250000000      -0.668420853095642     
   4.50699375000000        5.70832541666667      -0.651834995031223     
   4.50699375000000        6.00865833333333      -0.639270701840738     
   4.50699375000000        6.30899125000000      -0.630177439522088     
   4.50699375000000        6.60932416666667      -0.621738923190949     
   4.50699375000000        6.90965708333333      -0.609640865486808     
   4.50699375000000        7.20999000000000      -0.592056124350901     
   4.80732666666667       2.000000000000000E-003  -1.91079832429197     
   4.80732666666667       0.302332916666667       -1.87358336356848     
   4.80732666666667       0.602665833333333       -1.76814462867430     
   4.80732666666667       0.902998750000000       -1.62944111759969     
   4.80732666666667        1.20333166666667       -1.48586569358943     
   4.80732666666667        1.50366458333333       -1.35308207839633     
   4.80732666666667        1.80399750000000       -1.23795896335298     
   4.80732666666667        2.10433041666667       -1.14227424310168     
   4.80732666666667        2.40466333333333       -1.06447699784290     
   4.80732666666667        2.70499625000000       -1.00083656782952     
   4.80732666666667        3.00532916666667      -0.946822998766299     
   4.80732666666667        3.30566208333333      -0.898579903917414     
   4.80732666666667        3.60599500000000      -0.853900246671170     
   4.80732666666667        3.90632791666667      -0.812303060987145     
   4.80732666666667        4.20666083333333      -0.774336237998027     
   4.80732666666667        4.50699375000000      -0.740657243333437     
   4.80732666666667        4.80732666666667      -0.711464018538428     
   4.80732666666667        5.10765958333333      -0.686483336328442     
   4.80732666666667        5.40799250000000      -0.665285532273053     
   4.80732666666667        5.70832541666667      -0.647513062100750     
   4.80732666666667        6.00865833333333      -0.632762528119312     
   4.80732666666667        6.30899125000000      -0.620161072908940     
   4.80732666666667        6.60932416666667      -0.607961469238259     
   4.80732666666667        6.90965708333333      -0.593805940293359     
   4.80732666666667        7.20999000000000      -0.576050634834022     
   5.10765958333333       2.000000000000000E-003  -1.65362685162581     
   5.10765958333333       0.302332916666667       -1.63347918898518     
   5.10765958333333       0.602665833333333       -1.57084979802733     
   5.10765958333333       0.902998750000000       -1.48127273588284     
   5.10765958333333        1.20333166666667       -1.38020630595204     
   5.10765958333333        1.50366458333333       -1.28002271022658     
   5.10765958333333        1.80399750000000       -1.18857818419460     
   5.10765958333333        2.10433041666667       -1.10948820655487     
   5.10765958333333        2.40466333333333       -1.04288496203201     
   5.10765958333333        2.70499625000000      -0.986512092024149     
   5.10765958333333        3.00532916666667      -0.937131803711309     
   5.10765958333333        3.30566208333333      -0.891906026031673     
   5.10765958333333        3.60599500000000      -0.849280759023913     
   5.10765958333333        3.90632791666667      -0.809096251744557     
   5.10765958333333        4.20666083333333      -0.772028655937218     
   5.10765958333333        4.50699375000000      -0.738808970474543     
   5.10765958333333        4.80732666666667      -0.709721472749617     
   5.10765958333333        5.10765958333333      -0.684582277148308     
   5.10765958333333        5.40799250000000      -0.662997552883968     
   5.10765958333333        5.70832541666667      -0.644546019532549     
   5.10765958333333        6.00865833333333      -0.628694515767257     
   5.10765958333333        6.30899125000000      -0.614541423659137     
   5.10765958333333        6.60932416666667      -0.600667626660337     
   5.10765958333333        6.90965708333333      -0.585393126603745     
   5.10765958333333        7.20999000000000      -0.567445279259207     
   5.40799250000000       2.000000000000000E-003  -1.48711050033659     
   5.40799250000000       0.302332916666667       -1.47446317515847     
   5.40799250000000       0.602665833333333       -1.43182849490172     
   5.40799250000000       0.902998750000000       -1.36840372289033     
   5.40799250000000        1.20333166666667       -1.29433784283832     
   5.40799250000000        1.50366458333333       -1.21785476070704     
   5.40799250000000        1.80399750000000       -1.14493535817028     
   5.40799250000000        2.10433041666667       -1.07953483984329     
   5.40799250000000        2.40466333333333       -1.02267206445296     
   5.40799250000000        2.70499625000000      -0.973145316529408     
   5.40799250000000        3.00532916666667      -0.928682664836615     
   5.40799250000000        3.30566208333333      -0.887065574921824     
   5.40799250000000        3.60599500000000      -0.846960609647024     
   5.40799250000000        3.90632791666667      -0.808258934752308     
   5.40799250000000        4.20666083333333      -0.771782241003932     
   5.40799250000000        4.50699375000000      -0.738545338499388     
   5.40799250000000        4.80732666666667      -0.709145306110285     
   5.40799250000000        5.10765958333333      -0.683642550496752     
   5.40799250000000        5.40799250000000      -0.661768520184778     
   5.40799250000000        5.70832541666667      -0.643101210885975     
   5.40799250000000        6.00865833333333      -0.627028793274691     
   5.40799250000000        6.30899125000000      -0.612529348126450     
   5.40799250000000        6.60932416666667      -0.598320872451276     
   5.40799250000000        6.90965708333333      -0.582925791251026     
   5.40799250000000        7.20999000000000      -0.565025975042270     
   5.70832541666667       2.000000000000000E-003  -1.38443804905443     
   5.70832541666667       0.302332916666667       -1.37391025741944     
   5.70832541666667       0.602665833333333       -1.33834598927483     
   5.70832541666667       0.902998750000000       -1.28736053122819     
   5.70832541666667        1.20333166666667       -1.22858950224402     
   5.70832541666667        1.50366458333333       -1.16725879476056     
   5.70832541666667        1.80399750000000       -1.10756532694093     
   5.70832541666667        2.10433041666667       -1.05270417301877     
   5.70832541666667        2.40466333333333       -1.00413929383259     
   5.70832541666667        2.70499625000000      -0.961420466308302     
   5.70832541666667        3.00532916666667      -0.922838730726719     
   5.70832541666667        3.30566208333333      -0.886103483856690     
   5.70832541666667        3.60599500000000      -0.849230456055308     
   5.70832541666667        3.90632791666667      -0.811696873941106     
   5.70832541666667        4.20666083333333      -0.774774219099363     
   5.70832541666667        4.50699375000000      -0.740380351000817     
   5.70832541666667        4.80732666666667      -0.709825912794216     
   5.70832541666667        5.10765958333333      -0.683541834622747     
   5.70832541666667        5.40799250000000      -0.661384469295136     
   5.70832541666667        5.70832541666667      -0.642860937716750     
   5.70832541666667        6.00865833333333      -0.627001983873594     
   5.70832541666667        6.30899125000000      -0.612877209417831     
   5.70832541666667        6.60932416666667      -0.599376334686731     
   5.70832541666667        6.90965708333333      -0.584879371817167     
   5.70832541666667        7.20999000000000      -0.567472153876883     
   6.00865833333333       2.000000000000000E-003  -1.33130517648858     
   6.00865833333333       0.302332916666667       -1.31739834225263     
   6.00865833333333       0.602665833333333       -1.27823323693571     
   6.00865833333333       0.902998750000000       -1.23008363339944     
   6.00865833333333        1.20333166666667       -1.17887755934247     
   6.00865833333333        1.50366458333333       -1.12644170939634     
   6.00865833333333        1.80399750000000       -1.07515806073549     
   6.00865833333333        2.10433041666667       -1.02794760635481     
   6.00865833333333        2.40466333333333      -0.986758287188828     
   6.00865833333333        2.70499625000000      -0.951725107908737     
   6.00865833333333        3.00532916666667      -0.921454763838025     
   6.00865833333333        3.30566208333333      -0.892558621588353     
   6.00865833333333        3.60599500000000      -0.860187285078606     
   6.00865833333333        3.90632791666667      -0.822544734590932     
   6.00865833333333        4.20666083333333      -0.782406920822020     
   6.00865833333333        4.50699375000000      -0.744500787879889     
   6.00865833333333        4.80732666666667      -0.711391406430037     
   6.00865833333333        5.10765958333333      -0.683722381964810     
   6.00865833333333        5.40799250000000      -0.661241194868008     
   6.00865833333333        5.70832541666667      -0.642906430842289     
   6.00865833333333        6.00865833333333      -0.627608224640454     
   6.00865833333333        6.30899125000000      -0.614518326608116     
   6.00865833333333        6.60932416666667      -0.602802650410925     
   6.00865833333333        6.90965708333333      -0.590705219014984     
   6.00865833333333        7.20999000000000      -0.574633784220327     
   6.30899125000000       2.000000000000000E-003  -1.31838240738792     
   6.30899125000000       0.302332916666667       -1.29204953212967     
   6.30899125000000       0.602665833333333       -1.23869893187997     
   6.30899125000000       0.902998750000000       -1.18812243969881     
   6.30899125000000        1.20333166666667       -1.13963045108993     
   6.30899125000000        1.50366458333333       -1.09134175156217     
   6.30899125000000        1.80399750000000       -1.04500826467112     
   6.30899125000000        2.10433041666667       -1.00343671144890     
   6.30899125000000        2.40466333333333      -0.969340872029466     
   6.30899125000000        2.70499625000000      -0.943948397514608     
   6.30899125000000        3.00532916666667      -0.925618727999019     
   6.30899125000000        3.30566208333333      -0.907131919636499     
   6.30899125000000        3.60599500000000      -0.880008078366716     
   6.30899125000000        3.90632791666667      -0.840906933362132     
   6.30899125000000        4.20666083333333      -0.794927744194930     
   6.30899125000000        4.50699375000000      -0.750338248667615     
   6.30899125000000        4.80732666666667      -0.712798446763020     
   6.30899125000000        5.10765958333333      -0.683143544801149     
   6.30899125000000        5.40799250000000      -0.660205956972282     
   6.30899125000000        5.70832541666667      -0.642271231783759     
   6.30899125000000        6.00865833333333      -0.628070246302965     
   6.30899125000000        6.30899125000000      -0.616685830526246     
   6.30899125000000        6.60932416666667      -0.607708817859569     
   6.30899125000000        6.90965708333333      -0.600145129271960     
   6.30899125000000        7.20999000000000      -0.587335366798679     
   6.60932416666667       2.000000000000000E-003  -1.32872416581401     
   6.60932416666667       0.302332916666667       -1.27624847958170     
   6.60932416666667       0.602665833333333       -1.20835542967853     
   6.60932416666667       0.902998750000000       -1.15686504416946     
   6.60932416666667        1.20333166666667       -1.10681316358988     
   6.60932416666667        1.50366458333333       -1.05811559602316     
   6.60932416666667        1.80399750000000       -1.01388839146452     
   6.60932416666667        2.10433041666667      -0.976869987311523     
   6.60932416666667        2.40466333333333      -0.949846284552820     
   6.60932416666667        2.70499625000000      -0.935081020566840     
   6.60932416666667        3.00532916666667      -0.928839324101268     
   6.60932416666667        3.30566208333333      -0.921676514126887     
   6.60932416666667        3.60599500000000      -0.900225762229182     
   6.60932416666667        3.90632791666667      -0.858676694413079     
   6.60932416666667        4.20666083333333      -0.805826446904758     
   6.60932416666667        4.50699375000000      -0.754602423994530     
   6.60932416666667        4.80732666666667      -0.712068937428115     
   6.60932416666667        5.10765958333333      -0.680261667140222     
   6.60932416666667        5.40799250000000      -0.656956031146116     
   6.60932416666667        5.70832541666667      -0.639918669620671     
   6.60932416666667        6.00865833333333      -0.627713253583015     
   6.60932416666667        6.30899125000000      -0.619169436437957     
   6.60932416666667        6.60932416666667      -0.613372001078065     
   6.60932416666667        6.90965708333333      -0.611232241699764     
   6.60932416666667        7.20999000000000      -0.604887867958736     
   6.90965708333333       2.000000000000000E-003  -1.30343227515156     
   6.90965708333333       0.302332916666667       -1.24502845511989     
   6.90965708333333       0.602665833333333       -1.19409260944147     
   6.90965708333333       0.902998750000000       -1.13553512882883     
   6.90965708333333        1.20333166666667       -1.07554506231337     
   6.90965708333333        1.50366458333333       -1.02266581000087     
   6.90965708333333        1.80399750000000      -0.979078446294855     
   6.90965708333333        2.10433041666667      -0.945890015704566     
   6.90965708333333        2.40466333333333      -0.925353215001205     
   6.90965708333333        2.70499625000000      -0.918886786354946     
   6.90965708333333        3.00532916666667      -0.921524038312946     
   6.90965708333333        3.30566208333333      -0.921359785023622     
   6.90965708333333        3.60599500000000      -0.904617012946393     
   6.90965708333333        3.90632791666667      -0.862148276903315     
   6.90965708333333        4.20666083333333      -0.806452289271346     
   6.90965708333333        4.50699375000000      -0.751725624447860     
   6.90965708333333        4.80732666666667      -0.706450287342183     
   6.90965708333333        5.10765958333333      -0.673257808103255     
   6.90965708333333        5.40799250000000      -0.650095579684460     
   6.90965708333333        5.70832541666667      -0.634412741236465     
   6.90965708333333        6.00865833333333      -0.625068003406683     
   6.90965708333333        6.30899125000000      -0.621386796865993     
   6.90965708333333        6.60932416666667      -0.621067704236268     
   6.90965708333333        6.90965708333333      -0.619064590769787     
   6.90965708333333        7.20999000000000      -0.615508975570491     
   7.20999000000000       2.000000000000000E-003  -1.22661807759143     
   7.20999000000000       0.302332916666667       -1.23504896784586     
   7.20999000000000       0.602665833333333       -1.18411014904845     
   7.20999000000000       0.902998750000000       -1.10376338403843     
   7.20999000000000        1.20333166666667       -1.03438428443951     
   7.20999000000000        1.50366458333333      -0.980075365629721     
   7.20999000000000        1.80399750000000      -0.938538796296733     
   7.20999000000000        2.10433041666667      -0.909116887586332     
   7.20999000000000        2.40466333333333      -0.893295337452163     
   7.20999000000000        2.70499625000000      -0.891513978282924     
   7.20999000000000        3.00532916666667      -0.898002819471286     
   7.20999000000000        3.30566208333333      -0.899762372381287     
   7.20999000000000        3.60599500000000      -0.895778047970532     
   7.20999000000000        3.90632791666667      -0.846079331684400     
   7.20999000000000        4.20666083333333      -0.792229797910997     
   7.20999000000000        4.50699375000000      -0.738477568061521     
   7.20999000000000        4.80732666666667      -0.693575129517709     
   7.20999000000000        5.10765958333333      -0.660769695129085     
   7.20999000000000        5.40799250000000      -0.638403756605402     
   7.20999000000000        5.70832541666667      -0.623986640706219     
   7.20999000000000        6.00865833333333      -0.616709304272633     
   7.20999000000000        6.30899125000000      -0.616975442022314     
   7.20999000000000        6.60932416666667      -0.623688226670814     
   7.20999000000000        6.90965708333333      -0.624283734700795     
   7.20999000000000        7.20999000000000      -0.608967727457797     
